0.0 0.8388285158630223 0.05446901685216697 0.10670246728481071
0.5 0.8388221944375385 0.05447271640425393 0.10670508915820759
1.0 0.8388032285041164 0.054483818029652666 0.10671295346623097
1.5 0.8387716130900608 0.054502330641744846 0.1067260562681944
2.0 0.8387273399015749 0.05452826911607924 0.10674439098234587
2.5 0.8386703973148163 0.054561654320323866 0.10676794836485984
3.0 0.8386007703633538 0.05460251315635811 0.1067967164802881
3.5 0.8385184407220352 0.054650878614669954 0.10683068066329486
4.0 0.8384233866872673 0.05470678984126835 0.1068698234714643
4.5 0.8383155831536794 0.0547702922173696 0.10691412462895103
5.0 0.8381950015871938 0.05484143745216886 0.1069635609606373
5.499999999999999 0.8380616099944816 0.05492028368905741 0.10701810631646094
6.0 0.8379153728888152 0.055006895625702865 0.1070777314854819
6.500000000000001 0.8377562512523296 0.055101344648464154 0.10714240409920629
7.0 0.8375842024947001 0.05520370898167219 0.1072120885236277
7.499999999999999 0.8373991804082711 0.055314073852367474 0.10728674573936142
8.0 0.8372011351196752 0.05543253167115197 0.10736633320917283
8.5 0.8369900130380084 0.055559182229879586 0.10745080473211206
9.0 0.8367657567996345 0.055694132916978646 0.10754011028338686
9.5 0.8365283052097366 0.055837498951277584 0.10763419583898577
10.0 0.836277593180763 0.05598940363528284 0.10773300318395415
10.5 0.8360135516679544 0.05614997862893937 0.1078364697031062
10.999999999999998 0.8357361076021945 0.05631936424499479 0.10794452815281069
11.5 0.8354451838204995 0.05649770976717741 0.1080571064123231
12.0 0.835140698994514 0.05668517379249577 0.10817412721299019
12.5 0.8348225675575122 0.05688192459906867 0.10829550784341917
13.000000000000002 0.8344906996304914 0.05708814054099772 0.10842115982851089
13.5 0.8341450009480866 0.05730401047190584 0.10855098858000753
14.0 0.8337853727852143 0.05752973419887231 0.10868489301591344
14.5 0.8334117118855455 0.057765522968613536 0.10882276514584094
14.999999999999998 0.8330239103931542 0.05801159998786649 0.10896448961897937
15.5 0.8326218557889765 0.05826820098004859 0.10910994323097489
16.0 0.8322054308340889 0.058535574780370164 0.1092589943855409
16.5 0.8317745135222198 0.0588139839716789 0.10941150250610135
17.0 0.8313289770444359 0.059103705563394976 0.10956731739216916
17.5 0.8308686897695935 0.05940503171596334 0.10972627851444317
18.0 0.8303935152448568 0.05971827051328217 0.109888214241861
18.5 0.8299033122215774 0.06004374678555917 0.1100529409928634
19.0 0.829397934712883 0.06038180298498496 0.110220262302132
19.5 0.8288772320907529 0.06073280011646923 0.11038996779277785
20.0 0.8283410492319736 0.06109711872544356 0.11056183204258284
20.5 0.8277892267244611 0.06147515994435361 0.1107356133311853
21.0 0.8272216011478972 0.061867346598898684 0.11091105225320409
21.500000000000004 0.8266380054457286 0.06227412437427767 0.11108787017999369
21.999999999999996 0.8260382694093645 0.06269596304058013 0.11126576755005534
22.5 0.8254222203000744 0.06313335773493164 0.11144442196499396
23.0 0.8247896836399132 0.06358683029592725 0.11162348606415952
23.5 0.8241404842102048 0.06405693064309355 0.11180258514670165
24.0 0.8234744473051027 0.06454423819039393 0.11198131450450341
24.5 0.8227914002990414 0.06504936327781755 0.11215923642314105
25.0 0.8220911746010283 0.06557294859849441 0.11233587680047727
25.5 0.8213736080866189 0.06611567059000974 0.11251072132337141
26.000000000000004 0.8206385481210364 0.06667824074696008 0.1126832111320035
26.5 0.81988585531579 0.06726140679633709 0.11285273788787296
27.0 0.8191154081979849 0.0678659536567643 0.1130186381452508
27.5 0.8183271090190037 0.06849270407518868 0.11318018690580758
28.0 0.8175208909906141 0.06914251879795642 0.11333659021142949
28.500000000000004 0.8166967273162986 0.06981629608396603 0.11348697659973536
29.0 0.8158546424901335 0.07051497030123415 0.11363038720863235
29.500000000000004 0.8149947264730437 0.07123950925831035 0.11376576426864593
29.999999999999996 0.8141171525388313 0.07199090979955734 0.11389193766161133
30.5 0.8132221998262603 0.07277019102555891 0.11400760914818077
31.0 0.8123102819622098 0.07357838426850676 0.11411133376928347
31.5 0.8113819835674081 0.07441651863080402 0.11420149780178789
32.0 0.8104381070688381 0.07528560044448068 0.1142762924866812
32.5 0.8094797330911642 0.07618658437189663 0.11433368253693921
33.0 0.808508298887161 0.07712033295853554 0.11437136815430343
33.50000000000001 0.8075257009488873 0.0780875601358218 0.11438673891529089
34.0 0.8065344303530303 0.07908875225455292 0.11437681739241679
34.49999999999999 0.8055377528993496 0.08012405739281495 0.11433818970783546
35.0 0.8045399512731913 0.08119312942479283 0.11426691930201584
35.5 0.8035466542188776 0.08229490684531533 0.11415843893580706
36.0 0.802565289552279 0.08342729627194054 0.11400741417578045
36.5 0.8016057162834086 0.08458671460782564 0.11380756910876576
37.0 0.8006811204876413 0.08576741807180384 0.11355146144055488
37.50000000000001 0.7998093075083744 0.08696050357473895 0.11323018891688663
38.0 0.7990146035835425 0.08815239508837683 0.11283300132808069
38.50000000000001 0.7983307196108833 0.08932249945984991 0.11234678092926678
39.0 0.797805181097451 0.09043948196005977 0.11175533694248921
39.5 0.7975064009514676 0.09145516506434918 0.11103843398418319
40.0 0.7975354080005299 0.09229415598024947 0.11017043601922062
40.5 0.798046220153002 0.09283538557264759 0.10911839427435044
41.0 0.7992833661743393 0.09287728414517926 0.10783934968048148
41.50000000000001 0.8016564949110657 0.09206686876760667 0.10627663632132761
42.0 0.805905338857694 0.08973916828275443 0.10435549285955158
42.5 0.8135278089248235 0.0844903566613166 0.10198183441385994
43.00000000000001 0.8282534315088361 0.07267217730547555 0.09907439118568832
43.5 0.867135844387345 0.036761425823476794 0.09610272978917817
43.99999999999999 0.9167612602258144 1.0018505661789764e-16 0.08323873977418551
44.5 0.9201760921878103 1.9935632307130813e-16 0.07982390781218954
45.0 0.902804338700077 3.994217571339891e-16 0.09719566129992256
45.5 0.8142065967619976 8.61971546003404e-16 0.18579340323800156
46.0 0.4973865233845614 1.8889212356952942e-15 0.5026134766154368
46.50000000000001 0.03972860426396582 2.5965944016424087e-15 0.9602713957360316
47.0 0.13946726031623016 1.6803048211195082e-15 0.8605327396837682
47.5 0.36360995880191566 9.309145668841023e-16 0.6363900411980834
48.0 0.5022532238878992 5.670227966391879e-16 0.4977467761121003
48.5 0.5840581825941796 3.8156998284418633e-16 0.41594181740582
49.0 0.6355919749403803 2.7672081540390427e-16 0.3644080250596194
49.50000000000001 0.6702984267714494 2.1195635049011303e-16 0.3297015732285504
50.0 0.6949821532207373 1.6909299661154899e-16 0.3050178467792625
50.5 0.7133111207409036 1.3915989425449644e-16 0.2866888792590962
51.0 0.7273959666463199 1.1735122930418203e-16 0.27260403335368
51.50000000000001 0.7385229850579342 1.0091081847511886e-16 0.26147701494206566
52.00000000000001 0.7475152404958553 8.816661150182003e-17 0.2524847595041446
52.5 0.7549215390855591 7.805579869255592e-17 0.24507846091444077
53.0 0.7611208579401625 6.987583185381684e-17 0.23887914205983743
53.5 0.7663828800907051 6.31465989564354e-17 0.23361711990929485
54.0 0.770904575956272 5.753049850527247e-17 0.2290954240437279
54.50000000000001 0.7748331263440783 5.2784194964219353e-17 0.22516687365592164
55.0 0.7782807503215659 4.8728465400388495e-17 0.2217192496784341
55.5 0.7813345688419697 4.522876968713216e-17 0.21866543115803022
56.0 0.7840633307606449 4.2182389193805476e-17 0.215936669239355
56.50000000000001 0.7865221017239494 3.950970754335284e-17 0.21347789827605054
57.00000000000001 0.7887555982419238 3.7148171901137014e-17 0.2112444017580762
57.49999999999999 0.7908006010341287 3.5048029719776054e-17 0.20919939896587122
58.0 0.7926877303145918 3.316926632848998e-17 0.20731226968540814
58.5 0.7944427709960145 3.1479370259640296e-17 0.20555722900398551
59.00000000000001 0.7960876752408982 2.995167904898965e-17 0.2039123247591018
59.5 0.7976413302617904 2.856413856694217e-17 0.20235866973820957
59.99999999999999 0.7991201529845725 2.729836123192842e-17 0.20087984701542747
60.5 0.8005385554006063 2.6138903129454662e-17 0.19946144459939372
61.0 0.8019093122047447 2.5072703437429258e-17 0.19809068779525527
61.50000000000001 0.8032438537848547 2.4088645565438944e-17 0.19675614621514523
62.0 0.8045525015952788 2.3177210534170948e-17 0.19544749840472117
62.50000000000001 0.8058446586255524 2.233020094738234e-17 0.19415534137444754
63.0 0.8071289645442383 2.154051948611616e-17 0.19287103545576165
63.500000000000014 0.8084134228030503 2.0801989875600887e-17 0.1915865771969497
64.0 0.8097055052875595 2.0109211205292463e-17 0.1902944947124405
64.5 0.8110122388305377 1.9457438639391312e-17 0.18898776116946223
65.0 0.812340276945635 1.8842485158052456e-17 0.18765972305436493
65.5 0.8136959594096319 1.8260640171365803e-17 0.18630404059036806
66.0 0.815085361761818 1.7708601756972968e-17 0.18491463823818197
66.5 0.8165143363562959 1.7183419964847156e-17 0.18348566364370408
67.00000000000001 0.8179885462659771 1.6682449164671453e-17 0.18201145373402292
67.5 0.8195134930728315 1.620330782262786e-17 0.18048650692716847
68.0 0.8210945393706789 1.574384441472096e-17 0.17890546062932108
68.5 0.8227369266416555 1.5302108434753528e-17 0.17726307335834443
68.99999999999999 0.8244457890361192 1.487632565294738e-17 0.17555421096388077
69.5 0.8262261634809215 1.4464876938096012e-17 0.1737738365190785
70.0 0.8280829964572332 1.4066280081209367e-17 0.17191700354276682
70.5 0.8300211477224197 1.3679174158831412e-17 0.16997885227758025
71.0 0.8320453911975038 1.3302306054899444e-17 0.16795460880249624
71.5 0.8341604132003109 1.2934518825270704e-17 0.16583958679968913
72.0 0.8363708081724125 1.257474164203721e-17 0.1636291918275875
72.50000000000001 0.8386810720242069 1.2221981097939688e-17 0.16131892797579306
73.0 0.8410955932056862 1.1875313686523174e-17 0.15890440679431383
73.5 0.8436186415998909 1.1533879302643258e-17 0.15638135840010914
74.0 0.8462543553309705 1.1196875631752407e-17 0.1537456446690295
74.5 0.8490067255787641 1.0863553316000698e-17 0.1509932744212359
75.00000000000001 0.8518795794963185 1.0533211801349513e-17 0.14812042050368146
75.5 0.8548765613355159 1.020519578321615e-17 0.14512343866448407
76.0 0.8580011118985855 9.878892179139335e-18 0.14199888810141448
76.5 0.8612564464494158 9.55372756597186e-18 0.1387435535505842
77.00000000000001 0.8646455312379214 9.229166026501143e-18 0.13535446876207857
77.5 0.8681710588128728 8.904707356426499e-18 0.13182894118712718
78.0 0.8718354223231289 8.579885587519996e-18 0.12816457767687106
78.5 0.8756406890336249 8.254267786740903e-18 0.12435931096637508
79.0 0.8795885733102485 7.927453094234181e-18 0.12041142668975145
79.5 0.8836804093561151 7.599071965646764e-18 0.11631959064388485
80.0 0.8879171240101761 7.26878558617555e-18 0.1120828759898239
80.50000000000001 0.892299209946527 6.9362854253213245e-18 0.107700790053473
81.0 0.8968266996385659 6.601292902557868e-18 0.10317330036143413
81.50000000000001 0.9014991404751453 6.2635591351353855e-18 0.09850085952485466
82.0 0.9063155714351231 5.922864740096767e-18 0.09368442856487691
82.49999999999999 0.9112745017412742 5.579019663380249e-18 0.08872549825872578
83.00000000000001 0.9163738919232616 5.2318630096713656e-18 0.08362610807673843
83.49999999999999 0.9216111377213158 4.881262847534227e-18 0.07838886227868425
84.0 0.9269830572565996 4.527115965342292e-18 0.07301694274340043
84.5 0.932485881879999 4.1693475546968986e-18 0.06751411812000097
85.0 0.9381152510878412 3.807910799418275e-18 0.061884748912158775
85.5 0.9438662118601375 3.442786349843063e-18 0.05613378813986247
86.00000000000001 0.9497332227344522 3.073981664094882e-18 0.050266777265547846
86.5 0.9557101628762827 2.701530200216562e-18 0.04428983712371726
87.0 0.9617903463454568 2.3254904455649515e-18 0.03820965365454321
87.50000000000001 0.9679665416882265 1.9459447726573766e-18 0.03203345831177351
87.99999999999999 0.9742309969073822 1.5629981136927201e-18 0.02576900309261776
88.50000000000001 0.9805754697795787 1.1767764492043643e-18 0.019424530220421343
89.0 0.9869912634013777 7.874251096898352e-19 0.013008736598622339
89.5 0.9934692667556394 3.9510689253501454e-19 0.006530733244360598
