1778
6.16025e-07
0.0 0.9635969001144065 0.016486958956268 0.01991614092932554
0.5 0.9635947812291504 0.01648838057928352 0.019916838191566047
1.0 0.9635884231677446 0.016492646847806446 0.01991892998444893
1.5 0.9635778217100683 0.016499761963822537 0.019922416326109124
2.0 0.9635629698118757 0.016509732942515017 0.01992729724560926
2.5 0.9635438575886693 0.01652256963013815 0.01993357278119251
3.0 0.9635204722930177 0.016538284729167595 0.019941242977814667
3.5 0.9634927982851981 0.016556893830855336 0.019950307883946593
4.0 0.9634608169970292 0.016578415455357202 0.019960767547613563
4.5 0.9634245068886983 0.016602871099638466 0.01997262201166324
5.0 0.9633838433983827 0.016630285293407505 0.019985871308209818
5.499999999999999 0.9633387988844032 0.016660685663368962 0.020000515452227825
6.0 0.9632893425596233 0.016694103006135563 0.020016554434241152
6.500000000000001 0.9632354404177462 0.016730571370187648 0.020033988212066128
7.0 0.9631770551511394 0.016770128147319534 0.020052816701541083
7.499999999999999 0.9631141460597493 0.016812814174072918 0.02007303976617776
8.0 0.9630466689506325 0.016858673843714356 0.020094657205653132
8.5 0.9629745760275454 0.016907755229383457 0.020117668743071106
9.0 0.9628978157700135 0.016960110219109346 0.02014207401087711
9.5 0.9628163328011975 0.017015794663471855 0.02016787253533065
10.0 0.9627300677438168 0.01707486853677109 0.020195063719412158
10.5 0.9626389570633059 0.017137396112662507 0.02022364682403156
10.999999999999998 0.9625429328973092 0.017203446155320896 0.020253620947369915
11.5 0.9624419228704789 0.017273092127309965 0.02028498500221112
12.0 0.9623358498934884 0.017346412415463336 0.02031773769104825
12.5 0.9622246319450137 0.017423490576222733 0.020351877478763537
13.000000000000002 0.9621081818353233 0.017504415602036815 0.020387402562639868
13.5 0.9619864069499625 0.017589282210597756 0.02042431083943973
14.0 0.9618592089718869 0.017678191158887607 0.020462599869225467
14.5 0.9617264835801571 0.017771249584223124 0.020502266835619766
14.999999999999998 0.9615881201231878 0.01786857137472988 0.02054330850208228
15.5 0.9614440012642597 0.017970277571948273 0.020585721163792065
16.0 0.9612940025967825 0.018076496808578136 0.020629500594639315
16.5 0.961137992226531 0.018187365784710086 0.020674641988758957
17.0 0.9609758303177274 0.018303029786275994 0.02072113989599663
17.5 0.9608073685995653 0.018423643249883086 0.020768988150551632
18.0 0.9606324498292993 0.01854937037868333 0.020818179792017374
18.5 0.9604509072076789 0.018680385814479145 0.02086870697784196
19.0 0.9602625637419537 0.018816875371888035 0.02092056088615823
19.5 0.9600672315511781 0.018959036841089683 0.020973731607732193
20.0 0.9598647111079109 0.019107080866473464 0.021028208025615596
20.5 0.9596547904097488 0.01926123190940451 0.02108397768084672
21.0 0.9594372440733531 0.019421729304343636 0.021141026622303296
21.500000000000004 0.9592118323428037 0.019588828418712182 0.0211993392384841
21.999999999999996 0.9589783000031489 0.019762801928201304 0.02125889806864982
22.5 0.9587363751890029 0.019943941220706266 0.021319683590290836
23.0 0.9584857680768522 0.020132557943746025 0.021381673979401824
23.5 0.9582261694484889 0.02032898571212447 0.0214448448393866
24.0 0.9579572491115974 0.020533581994730134 0.021509168893672458
24.5 0.9576786541620144 0.02074673020177799 0.021574615636207644
25.0 0.9573900070706218 0.020968841996493362 0.02164115093288481
25.5 0.9570909035761551 0.02120035985823469 0.021708736565610193
26.000000000000004 0.9567809103636178 0.021441759927363434 0.02177732970901878
26.5 0.9564595625063886 0.021693555165766855 0.021846882327844507
27.0 0.9561263606488429 0.021956298870795407 0.02191734048036166
27.5 0.9557807679054523 0.022230588584374964 0.021988643510172736
28.0 0.9554222064523481 0.02251707044303208 0.02206072310461982
28.500000000000004 0.9550500537886779 0.022816444018211302 0.022133502193110787
29.0 0.9546636386486655 0.023129467699065622 0.02220689365226883
29.500000000000004 0.9542622365522561 0.023456964671044217 0.022280798776699723
29.999999999999996 0.9538450649944713 0.02379982954177809 0.022355105463750607
30.5 0.9534112782940556 0.024159035658912326 0.022429686047032087
31.0 0.9529599621547548 0.02453564314938658 0.022504394695858663
31.5 0.9524901280444976 0.024930807681075997 0.022579064274426384
32.0 0.9520007075789025 0.025345789897516836 0.022653502523580626
32.5 0.9514905472218145 0.025781965391665284 0.02272748738652024
33.0 0.9509584038121267 0.026240834944449395 0.0228007612434239
33.50000000000001 0.9504029417325842 0.026724034524540915 0.02287302374287487
34.0 0.9498227330169798 0.027233344172099005 0.02294392281092116
34.49999999999999 0.9492162624518758 0.027770694279652425 0.023013043268471728
35.0 0.9485819409424677 0.028338166783653997 0.023079892273878275
35.5 0.9479181323745526 0.028937987126604024 0.023143880498843396
36.0 0.947223202426244 0.02957250008117974 0.023204297492576232
36.5 0.9464956031654159 0.030244117822279645 0.023260279012304434
37.0 0.9457340164456451 0.030955220486420045 0.023310763067934812
37.50000000000001 0.944937595131135 0.03170797504191935 0.023354429826945695
38.0 0.944106369907277 0.03250401211518235 0.02338961797754062
38.50000000000001 0.9432419425945664 0.03334385141605888 0.02341420598937472
39.0 0.9423486889310906 0.03422587134037193 0.023425439728537487
39.5 0.9414358982952079 0.03514442592158669 0.023419675783205404
40.0 0.940521709238439 0.036086302621955765 0.023391988139605205
40.5 0.9396406680458192 0.03702378661798108 0.02333554533619967
41.0 0.9388590852808378 0.03790032826369711 0.023240586455465055
41.50000000000001 0.9383086483360485 0.03859868682988246 0.023092664834068993
42.0 0.9382679544252216 0.0388625481040828 0.022869497470695603
42.5 0.9393928866832296 0.038071996546503485 0.022535116770266893
43.00000000000001 0.9435634517739779 0.0344067685755934 0.02202977965042867
43.5 0.9602976154067805 0.01841315192496187 0.02128923266825764
43.99999999999999 0.9814601462150863 7.354700570583173e-17 0.018539853784913667
44.5 0.9809151935900694 2.5533416680956595e-16 0.019084806409930342
45.0 0.9218291252661853 1.7835443257502152e-15 0.07817087473381289
45.5 0.5305320108638083 5.7302012751023575e-15 0.469467989136186
46.0 0.8966160074380424 6.395219852827464e-16 0.10338399256195699
46.50000000000001 0.9348303442012013 2.4182601171943136e-16 0.0651696557987985
47.0 0.9472932432984629 1.3257792871453067e-16 0.052706756701536996
47.5 0.9532307709078008 8.648352016608131e-17 0.04676922909219908
48.0 0.9566311395253835 6.233731696037097e-17 0.04336886047461646
48.5 0.9587976563628796 4.79202056430118e-17 0.04120234363712034
49.0 0.9602749235921001 3.85232971139199e-17 0.039725076407899865
49.50000000000001 0.9613289989343919 3.200162441154819e-17 0.03867100106560802
50.0 0.962104794496796 2.725704683449594e-17 0.037895205503203994
50.5 0.9626878396529179 2.3676552984367445e-17 0.03731216034708205
51.0 0.9631318386785743 2.0894317642970036e-17 0.03686816132142565
51.50000000000001 0.9634722167628494 1.868011577849266e-17 0.036527783237150536
52.00000000000001 0.963733303148639 1.6882647217764945e-17 0.036266696851360955
52.5 0.9639323802037331 1.5398836375687397e-17 0.03606761979626692
53.0 0.9640820837241634 1.41562949209243e-17 0.03591791627583661
53.5 0.9641918872667721 1.3102846545498764e-17 0.03580811273322791
54.0 0.9642690537136717 1.2200027485863398e-17 0.03573094628632832
54.50000000000001 0.9643192645662683 1.1418919350919931e-17 0.03568073543373172
55.0 0.9643470475811952 1.0737399800830213e-17 0.035652952418804826
55.5 0.964356074433737 1.0138282446724237e-17 0.03564392556626294
56.0 0.9643493724029856 9.608029977724438e-18 0.03565062759701442
56.50000000000001 0.9643294778543642 9.135845952538883e-18 0.03567052214563581
57.00000000000001 0.9642985495033295 8.713022259180142e-18 0.0357014504966705
57.49999999999999 0.9642584533702317 8.33246262807048e-18 0.035741546629768244
58.0 0.9642108274760743 7.988329553792887e-18 0.035789172523925654
58.5 0.9641571318209237 7.675779135001377e-18 0.03584286817907633
59.00000000000001 0.9640986875246479 7.390759481551677e-18 0.0359013124753521
59.5 0.9640367078876718 7.129855709784345e-18 0.035963292112328175
59.99999999999999 0.9639723233594379 6.890169510672931e-18 0.03602767664056205
60.5 0.9639066018654463 6.6692246715442976e-18 0.03609339813455369
61.0 0.963840565564025 6.464892289869454e-18 0.03615943443597502
61.50000000000001 0.9637752048318429 6.275331077041959e-18 0.036224795168157124
62.0 0.9637114900793525 6.098939332812985e-18 0.036288509920647465
62.50000000000001 0.9636503818519551 5.9343160240453016e-18 0.03634961814804493
63.0 0.9635928395642833 5.78022902341751e-18 0.03640716043571667
63.500000000000014 0.963539829133276 5.635589021923107e-18 0.03646017086672403
64.0 0.9634923297132034 5.499427969857294e-18 0.03650767028679657
64.5 0.9634513396873504 5.370881156852736e-18 0.03654866031264958
65.0 0.9634178820328582 5.249172235260129e-18 0.03658211796714183
65.5 0.9633930091446399 5.133600639061708e-18 0.036606990855360115
66.0 0.9633778071792748 5.023530964284977e-18 0.0366221928207252
66.5 0.9633733999589121 4.918383965071586e-18 0.03662660004108786
67.00000000000001 0.9633809524573748 4.817628888398819e-18 0.03661904754262523
67.5 0.9634016738751183 4.720776924564675e-18 0.03659832612488167
68.0 0.9634368202957196 4.627375593369672e-18 0.03656317970428035
68.5 0.963487696903886 4.5370039200366145e-18 0.03651230309611397
68.99999999999999 0.9635556597331296 4.44926828225167e-18 0.03644434026687037
69.5 0.9636421169001139 4.3637988317645015e-18 0.03635788309988607
70.0 0.9637485292721091 4.2802464118817934e-18 0.036251470727890915
70.5 0.9638764105039325 4.198279906794348e-18 0.036123589496067525
71.0 0.9640273263712473 4.117583970659516e-18 0.035972673628752665
71.5 0.9642028933182824 4.037857094233805e-18 0.03579710668171764
72.0 0.9644047761299712 3.9588099750111674e-18 0.035595223870028773
72.50000000000001 0.964634684631646 3.880164163575471e-18 0.03536531536835396
73.0 0.9648943693138472 3.801650964455397e-18 0.03510563068615279
73.5 0.9651856157760825 3.723010574350468e-18 0.034814384223917465
74.0 0.9655102378819224 3.643991444310954e-18 0.03448976211807763
74.5 0.9658700695190828 3.564349855392335e-18 0.03412993048091716
75.00000000000001 0.9662669548628773 3.483849699535398e-18 0.03373304513712271
75.5 0.9667027370501285 3.402262458983664e-18 0.03329726294987145
76.0 0.9671792451840119 3.319367378467037e-18 0.03282075481598812
76.5 0.9676982796090638 3.234951824663134e-18 0.03230172039093615
77.00000000000001 0.9682615954202671 3.1488118271020336e-18 0.03173840457973287
77.5 0.9688708842013694 3.060752793702431e-18 0.031129115798630643
78.0 0.9695277540257091 2.9705903925253775e-18 0.030472245974290876
78.5 0.9702337077980199 2.878151589112418e-18 0.029766292201980123
79.0 0.9709901200680255 2.783275825967146e-18 0.029009879931974455
79.5 0.9717982125054703 2.6858163273830395e-18 0.028201787494529725
80.0 0.9726590282909583 2.5856415089890385e-18 0.027340971709041702
80.50000000000001 0.9735734057461221 2.4826364671760563e-18 0.02642659425387794
81.0 0.9745419515984115 2.3767045191143412e-18 0.025458048401588492
81.50000000000001 0.975565014347776 2.2677687595467005e-18 0.024434985652224014
82.0 0.9766426582716968 2.1557735961499227e-18 0.023357341728303168
82.49999999999999 0.9777746386679373 2.0406862212391456e-18 0.02222536133206265
83.00000000000001 0.978960378987119 1.9224979742103892e-18 0.021039621012881034
83.49999999999999 0.9801989505456207 1.801225546666015e-18 0.019801049454379323
84.0 0.981489055529117 1.6769119809291472e-18 0.018510944470882973
84.5 0.9828290139943753 1.5496274129001319e-18 0.017170986005624722
85.0 0.984216755548167 1.4194695121815245e-18 0.01578324445183299
85.5 0.9856498163248695 1.2865635762736234e-18 0.014350183675130522
86.00000000000001 0.9871253417969371 1.1510622415231938e-18 0.012874658203062881
86.5 0.9886400958352219 1.0131447813904673e-18 0.011359904164778055
87.0 0.9901904762908093 8.7301597236769e-19 0.009809523709190747
87.50000000000001 0.9917725372003207 7.30904519293581e-19 0.008227462799679341
87.99999999999999 0.993382017528175 5.87061044494205e-19 0.006617982471824989
88.50000000000001 0.9950143761591662 4.417556586569558e-19 0.004985623840833785
89.0 0.9966648326517517 2.9527514503722053e-19 0.0033351673482483464
89.5 0.9983284130659601 1.4791980186632075e-19 0.0016715869340399034
