0.0 0.8371142574357812 0.0550483623341693 0.10783738023004955
0.5 0.8371078420910636 0.0550521682351019 0.10783998967383451
1.0 0.8370885943205255 0.05506358913476411 0.10784781654471037
1.5 0.8370565089128923 0.05508263463055776 0.10786085645654994
2.0 0.8370115771756202 0.0551093207408766 0.10787910208350315
2.5 0.8369537869242671 0.05514366993928925 0.10790254313644361
3.0 0.83688312246759 0.05518571120259167 0.10793116632981833
3.5 0.8367995645883751 0.05523548007292642 0.10796495533869846
4.0 0.8367030905199662 0.05529301873422256 0.10800389074581128
4.5 0.8365936739185031 0.05535837610327421 0.10804794997822265
5.0 0.8364712848308152 0.05543160793583152 0.10809710723335325
5.499999999999999 0.8363358896580095 0.05551277694814709 0.10815133339384338
6.0 0.8361874511146857 0.055601952954482156 0.10821059593083211
6.500000000000001 0.8360259281838205 0.055699213021150225 0.1082748587950293
7.0 0.8358512760672939 0.055804641637744304 0.10834408229496177
7.499999999999999 0.8356634461320795 0.05591833090627305 0.10841822296164741
8.0 0.8354623858521434 0.05604038074900673 0.10849723339884988
8.5 0.8352480387460697 0.05617089913592378 0.10858106211800654
9.0 0.8350203443105209 0.0563100023327309 0.10866965335674825
9.5 0.8347792379496145 0.05645781517052884 0.10876294687985666
10.0 0.8345246509003875 0.05661447133829234 0.10886087776132014
10.5 0.8342565101545286 0.05678011369943733 0.10896337614603405
10.999999999999998 0.8339747383766563 0.05695489463386134 0.10907036698948241
11.5 0.8336792538194756 0.057138976406957274 0.10918176977356711
12.0 0.833369970236257 0.05733253156722534 0.10929749819651763
12.5 0.8330467967911863 0.05753574337423509 0.1094174598345786
13.000000000000002 0.8327096379682817 0.05774880625882655 0.10954155577289176
13.5 0.8323583934797493 0.057971926317575063 0.10966968020267567
14.0 0.831992958174857 0.05820532184369273 0.1098017199814503
14.5 0.8316132219506672 0.05844922389668187 0.10993755415265091
14.999999999999998 0.8312190696662621 0.05870387691320497 0.1100770534205329
15.5 0.8308103810625153 0.058969539361781204 0.11022007957570354
16.0 0.8303870306898671 0.05924648444405506 0.11036648486607786
16.5 0.8299488878471778 0.059535000845512276 0.11051611130730993
17.0 0.8294958165353756 0.059835393538626526 0.11066878992599785
17.5 0.8290276754304677 0.06014798464149643 0.11082433992803584
18.0 0.8285443178814885 0.0604731143350737 0.11098256778343778
18.5 0.8280455919402131 0.060811141842060074 0.11114326621772683
19.0 0.827531340430973 0.061162446470450695 0.11130621309857633
19.5 0.8270014010707735 0.06152742872448827 0.11147117020473826
20.0 0.8264556066522272 0.061906511485431276 0.11163788186234155
20.5 0.8258937853046179 0.06230014126397682 0.1118060734314053
21.0 0.8253157608519232 0.06270878952535441 0.11197544962272243
21.500000000000004 0.8247213532909327 0.06313295408691572 0.11214569262215163
21.999999999999996 0.8241103794179993 0.06357316058639446 0.11231645999560629
22.5 0.8234826536396125 0.0640299640167256 0.11248738234366192
23.0 0.8228379890104225 0.0645039503202037 0.11265806066937381
23.5 0.822176198552787 0.06499573803054191 0.11282806341667108
24.0 0.8214970969252019 0.06550597994572203 0.11299692312907607
24.5 0.8208005025236575 0.06603536480690042 0.11316413266944203
25.0 0.8200862401212704 0.06658461894841494 0.11332914093031465
25.5 0.8193541441785952 0.06715450787024123 0.11349134795116357
26.000000000000004 0.8186040629918001 0.06774583766588366 0.11365009934231624
26.5 0.8178358638906243 0.06835945621402706 0.11380467989534859
27.0 0.8170494397560206 0.06899625400908693 0.11395430623489244
27.5 0.8162447172028939 0.06965716446100827 0.1140981183360978
28.0 0.8154216668723557 0.0703431634339674 0.11423516969367686
28.500000000000004 0.8145803164084726 0.07105526771105176 0.11436441588047562
29.0 0.8137207668680277 0.07179453195904334 0.11448470117292892
29.500000000000004 0.8128432135440221 0.07256204361205548 0.1145947428439224
29.999999999999996 0.8119479724969546 0.07335891487766481 0.11469311262538058
30.5 0.8110355145142654 0.07418627076921355 0.11477821471652108
31.0 0.8101065088038094 0.07504523164632447 0.11484825954986612
31.5 0.8091618795391828 0.07593688814781854 0.11490123231299862
32.0 0.8082028795128631 0.07686226554526462 0.1149348549418723
32.5 0.8072311867668247 0.0778222733068438 0.1149465399263315
33.0 0.8062490323870908 0.07881763384800884 0.11493333376490038
33.50000000000001 0.8052593710201308 0.07984878175665357 0.11489184722321565
34.0 0.8042661106486763 0.08091572073643744 0.1148181686148863
34.49999999999999 0.8032744256396307 0.08201781933334407 0.11470775502702524
35.0 0.8022911885007139 0.08315351690532174 0.11455529459396435
35.5 0.8013255735904024 0.0843198960704013 0.11435453033919635
36.0 0.8003899144051265 0.08551205320848115 0.11409803238639232
36.5 0.7995009424282892 0.0867221576594897 0.11377689991222113
37.0 0.7986816134127575 0.08793802040695696 0.11338036618028559
37.50000000000001 0.7979638620751819 0.0891408699781805 0.11289526794663761
38.0 0.7973928693641983 0.09030180838683825 0.11230532224896346
38.50000000000001 0.7970338835238983 0.09137599078756081 0.11159012568854093
39.0 0.7969835405715717 0.09229271044268464 0.11072374898574364
39.5 0.7973895348169854 0.09293772730528271 0.10967273787773191
40.0 0.7984868282377778 0.09311991760200618 0.10839325416021599
40.5 0.8006695146577991 0.09250342819196797 0.10682705715023291
41.0 0.8046490181904086 0.09045458477319084 0.1048963970364006
41.50000000000001 0.811860737871779 0.0856384171039167 0.10250084502430426
42.0 0.8258320164747173 0.07462638126982266 0.09954160225546008
42.5 0.8614432051342729 0.04221507997244151 0.09634171489328563
43.00000000000001 0.9163249962129016 9.725749893544009e-17 0.08367500378709826
43.5 0.9201425742898207 1.9866763646546275e-16 0.07985742571017909
43.99999999999999 0.9015972100336563 4.082813673910789e-16 0.09840278996634326
44.5 0.8028440254353943 9.092835755089348e-16 0.19715597456460474
45.0 0.4452361493948884 2.020074746056192e-15 0.5547638506051096
45.5 0.01990455762572583 2.5274321710726364e-15 0.9800954423742716
46.0 0.1841145904775638 1.5082646368746912e-15 0.8158854095224346
46.50000000000001 0.4005119033521202 8.276869977348424e-16 0.5994880966478789
47.0 0.5273788227796763 5.075879428563194e-16 0.4726211772203232
47.5 0.6018306906884728 3.442711138935116e-16 0.39816930931152683
48.0 0.6488997998527712 2.513232618949301e-16 0.3511002001472285
48.5 0.6807569867992258 1.9351995566497466e-16 0.31924301320077403
49.0 0.703520286037328 1.5503632316737652e-16 0.29647971396267186
49.50000000000001 0.720491595845972 1.2802660797691777e-16 0.2795084041540279
50.0 0.7335775414487853 1.0826442704337615e-16 0.2664224585512146
50.5 0.7439447333758272 9.331317088144887e-17 0.25605526662417266
51.0 0.7523425816971796 8.168765137660422e-17 0.24765741830282031
51.50000000000001 0.7592726050146258 7.243985762339513e-17 0.24072739498537413
52.00000000000001 0.7650822789924645 6.494078895623114e-17 0.23491772100753544
52.5 0.7700196145233958 5.875917224959677e-17 0.2299803854766041
53.0 0.7742662450276427 5.3590854598148837e-17 0.2257337549723572
53.5 0.7779582230738109 4.92160316904315e-17 0.22204177692618904
54.0 0.7811995112032821 4.5472428570574933e-17 0.21880048879671782
54.50000000000001 0.7840709799781077 4.2237967350780895e-17 0.21592902002189224
55.0 0.7866365588728538 3.941926353274266e-17 0.2133634411271462
55.5 0.7889475340161102 3.6943808036237735e-17 0.2110524659838898
56.0 0.7910456106029982 3.475454051187422e-17 0.2089543893970018
56.50000000000001 0.7929651339596723 3.2806010248304374e-17 0.2070348660403277
57.00000000000001 0.7947347263745355 3.10616131917124e-17 0.2052652736254645
57.49999999999999 0.7963785110391848 2.949157221440657e-17 0.2036214889608152
58.0 0.7979170394757824 2.807143957852996e-17 0.20208296052421756
58.5 0.799368002877751 2.6780972057538726e-17 0.20063199712224897
59.00000000000001 0.8007467838359725 2.560327583355047e-17 0.19925321616402744
59.5 0.8020668886851394 2.4524149280719857e-17 0.19793311131486055
59.99999999999999 0.8033402895234869 2.3531572677325027e-17 0.19665971047651307
60.5 0.8045776971463364 2.2615308246131544e-17 0.19542230285366355
61.0 0.805788780600554 2.1766583910408615e-17 0.19421121939944594
61.50000000000001 0.8069823450984746 2.097784119357308e-17 0.19301765490152542
62.0 0.8081664771500663 2.0242532714810507e-17 0.19183352284993369
62.50000000000001 0.8093486636592352 1.955495835987765e-17 0.19065133634076478
63.0 0.8105358901640003 1.8910131852544245e-17 0.18946410983599968
63.500000000000014 0.8117347222280538 1.830367140239846e-17 0.1882652777719462
64.0 0.8129513731057175 1.7731709555692603e-17 0.18704862689428245
64.5 0.814191760127789 1.719081846499561e-17 0.18580823987221093
65.0 0.815461551737552 1.6677947617765957e-17 0.184538448262448
65.5 0.8167662067052016 1.6190371692857667e-17 0.18323379329479836
66.0 0.8181110067362656 1.572564669736613e-17 0.1818889932637344
66.5 0.8195010834441487 1.528157291040203e-17 0.18049891655585124
67.00000000000001 0.8209414404631853 1.485616345197964e-17 0.17905855953681468
67.5 0.8224369713246155 1.4447617523887814e-17 0.1775630286753845
68.0 0.8239924735951666 1.4054297549846393e-17 0.1760075264048334
68.5 0.8256126596795698 1.3674709585425667e-17 0.17438734032043024
68.99999999999999 0.827302164609472 1.3307486482440223e-17 0.17269783539052797
69.5 0.8290655510778625 1.2951373384137484e-17 0.1709344489221375
70.0 0.830907311927436 1.2605215201324055e-17 0.16909268807256395
70.5 0.8328318702609737 1.2267945779334062e-17 0.16716812973902628
71.0 0.8348435773100783 1.1938578514326812e-17 0.1651564226899217
71.5 0.8369467081741804 1.1616198217051819e-17 0.16305329182581962
72.0 0.8391454555234902 1.1299954054695636e-17 0.16085454447650982
72.50000000000001 0.8414439213468619 1.0989053428106094e-17 0.15855607865313814
73.0 0.843846106817621 1.0682756663672095e-17 0.15615389318237904
73.5 0.8463559003468508 1.0380372417283812e-17 0.15364409965314918
74.0 0.8489770638940852 1.008125370280457e-17 0.15102293610591477
74.5 0.851713217609476 9.784794469903632e-18 0.14828678239052395
75.00000000000001 0.8545678228890176 9.490426666376718e-18 0.14543217711098244
75.5 0.8575441639350867 9.197617728579161e-18 0.1424558360649133
76.0 0.8606453279282126 8.905868450611487e-18 0.13935467207178742
76.5 0.8638741839322506 8.614711188666083e-18 0.13612581606774943
77.00000000000001 0.8672333606738457 8.323708361673077e-18 0.1327666393261543
77.5 0.8707252233578731 8.032451213232331e-18 0.12927477664212694
78.0 0.8743518497030025 7.740558802933134e-18 0.1256481502969975
78.5 0.878115005405367 7.447677197661962e-18 0.12188499459463296
79.0 0.8820161192628697 7.153478835482225e-18 0.11798388073713027
79.5 0.8860562582174775 6.857662036236652e-18 0.11394374178252253
80.0 0.8902361025973021 6.559950634247836e-18 0.10976389740269787
80.50000000000001 0.8945559218635271 6.260093709454125e-18 0.10544407813647294
81.0 0.8990155511887431 5.957865394083763e-18 0.1009844488112569
81.50000000000001 0.9036143692120004 5.653064732601503e-18 0.09638563078799955
82.0 0.9083512773311733 5.345515573221983e-18 0.09164872266882673
82.49999999999999 0.9132246809041363 5.035066469822843e-18 0.08677531909586367
83.00000000000001 0.9182324727359301 4.721590573666261e-18 0.08176752726406988
83.49999999999999 0.9233720192288052 4.404985494988386e-18 0.07662798077119481
84.0 0.9286401495649732 4.085173115294346e-18 0.0713598504350268
84.5 0.9340331482774932 3.762099332128335e-18 0.06596685172250683
85.0 0.9395467515425058 3.435733719216013e-18 0.060453248457494224
85.5 0.9451761474956172 3.1060690862093884e-18 0.05482385250438282
86.00000000000001 0.9509159808367014 2.7731209238300023e-18 0.04908401916329863
86.5 0.9567603619406523 2.436926722001409e-18 0.04323963805934772
87.0 0.9627028806372838 2.097545150587785e-18 0.03729711936271618
87.50000000000001 0.9687366247621878 1.755055094595053e-18 0.031263375237812197
87.99999999999999 0.9748542035128902 1.4095545381195698e-18 0.025145796487109795
88.50000000000001 0.9810477755723406 1.0611592939161474e-18 0.018952224427659425
89.0 0.9873090818859721 7.10001578157248e-19 0.012690918114027894
89.5 0.9936294829011004 3.5622843270841573e-19 0.006370517098899575
