2e-07 0.2474126546255659 0.021308495319544152 0.7312788500548899
2.0009e-07 0.247596330575191 0.021306052115805357 0.7310976173090036
2.0018e-07 0.24777959655083226 0.02130376952105348 0.7309166339281142
2.00271e-07 0.2479634270716701 0.021301761870799425 0.7307348110575305
2.00361e-07 0.2481469058514798 0.021299340132106548 0.7305537540164136
2.00451e-07 0.24833031856310295 0.021296925643022106 0.730372755793875
2.00542e-07 0.24851395071587118 0.02129493881588862 0.7301911104682403
2.00632e-07 0.2486972309184346 0.021292538555235562 0.7300102305263299
2.00723e-07 0.24888073025758894 0.021290565471707535 0.7298287042707036
2.00814e-07 0.24906416300356818 0.021288599127830994 0.7296472378686009
2.00905e-07 0.24924752904633507 0.021286639511530488 0.7294658314421344
2.00995e-07 0.24943020229217966 0.02128441951046007 0.7292853781973602
2.01086e-07 0.24961343505075329 0.021282473415200193 0.7291040915340465
2.01178e-07 0.24979688609125678 0.02128095284703884 0.7289221610617045
2.01269e-07 0.24997991762022617 0.021279030087130717 0.7287410522926431
2.0136e-07 0.2501629489187422 0.02127710379995766 0.7285599472813001
2.01451e-07 0.2503459128657106 0.021275184168603516 0.7283789029656859
2.01543e-07 0.25052909447550975 0.02127368911966217 0.728197216404828
2.01634e-07 0.2507119233515449 0.021271782539602085 0.728016294108853
2.01726e-07 0.25089463222344555 0.021270451278227943 0.7278349164983265
2.01817e-07 0.2510773260067146 0.02126855758033868 0.7276541164129467
2.01909e-07 0.2512602368314388 0.021267087531509098 0.7274726756370522
2.02001e-07 0.2514430795700733 0.02126562362498351 0.7272912968049432
2.02093e-07 0.25162585411758026 0.021264165849800364 0.7271099800326194
2.02185e-07 0.2518085603694982 0.021262714195019638 0.7269287254354821
2.02277e-07 0.25199119822193966 0.02126126864972281 0.7267475331283376
2.02369e-07 0.2521737675715889 0.021259829203012507 0.7265664032253986
2.02461e-07 0.25235593415817603 0.021258546089104883 0.726385519752719
2.02553e-07 0.25253836659245427 0.021257118687938597 0.7262045147196071
2.02646e-07 0.25272101470502056 0.021256112661620762 0.7260228726333587
2.02738e-07 0.25290330936057503 0.02125469716454916 0.7258419934748758
2.02831e-07 0.2530857523498979 0.02125371270252116 0.7256605349475809
2.02924e-07 0.2532681931377586 0.021252723727793958 0.7254790831344474
2.03016e-07 0.2534502803365585 0.02125132589503227 0.7252983937684092
2.03109e-07 0.25363258242033654 0.02125034831104597 0.7251170692686175
2.03202e-07 0.2538144839882811 0.021249525611530953 0.724935990400188
2.03295e-07 0.25400919143591166 0.021249753320227174 0.7247410552438611
2.03388e-07 0.2542624822637801 0.021255588834991686 0.7244819289012282
2.03481e-07 0.2545163748296034 0.021261251260719056 0.7242223739096776
2.03575e-07 0.2547705605435472 0.02126744237262205 0.7239619970838308
2.03668e-07 0.25502466631680826 0.021273205969840083 0.7237021277133516
2.03761e-07 0.25527904253412576 0.021278945652280477 0.7234420118135937
2.03855e-07 0.25553403951450837 0.02128506468082693 0.7231808958046647
2.03948e-07 0.255788954438739 0.021290756517580237 0.7229202890436807
2.04042e-07 0.25604448863320634 0.02129682757786127 0.7226586837889325
2.04136e-07 0.2563002225936979 0.021302884779926753 0.7223968926263754
2.0423e-07 0.2565562231796355 0.021308918022987386 0.7221348587973772
2.04324e-07 0.2568125304022654 0.02131492124486743 0.7218725483528671
2.04418e-07 0.2570690892995543 0.02132090257777311 0.7216100081226726
2.04512e-07 0.2573259127116042 0.021326860017462763 0.721347227270933
2.04606e-07 0.25758299991608125 0.021332793587286764 0.721084206496632
2.047e-07 0.25784035019154067 0.021338703310694873 0.7208209464977644
2.04795e-07 0.25809823834012874 0.02134500279113976 0.7205567588687316
2.04889e-07 0.258356112451728 0.021350864812041407 0.7202930227362306
2.04984e-07 0.2586148473043192 0.02135696716986138 0.7200281855258194
2.05078e-07 0.25887324165360937 0.021362781633990705 0.7197639767123999
2.05173e-07 0.2591321703971983 0.021368985632130827 0.7194988439706709
2.05268e-07 0.25939136444372074 0.021375164748354075 0.7192334708079252
2.05363e-07 0.2596508162170959 0.021381320023767584 0.7189678637591366
2.05458e-07 0.2599105249925865 0.021387451481771968 0.7187020235256415
2.05553e-07 0.26017048315816027 0.0213935601659304 0.7184359566759093
2.05648e-07 0.26043070375977667 0.02139964406015715 0.7181696521800662
2.05743e-07 0.260691179194732 0.02140570420776115 0.7179031165975069
2.05838e-07 0.26095190874188856 0.021411740632532088 0.7176363506255794
2.05934e-07 0.26121316525643984 0.021418165995003076 0.7173686687485571
2.06029e-07 0.26147440068397776 0.02142415496595099 0.7171014443500713
2.06125e-07 0.26173616820090545 0.02143053174337466 0.71683330005572
2.06221e-07 0.261998186585909 0.021436884735815776 0.7165649286782753
2.06316e-07 0.26226016839242006 0.021442803687175008 0.716297027920405
2.06412e-07 0.2625229934304271 0.0214489617330535 0.7160280448365193
2.06508e-07 0.2627857595181485 0.02145524364090957 0.715758996840942
2.06604e-07 0.2630487735751512 0.021461501858605746 0.715489724566243
2.067e-07 0.2633120279008096 0.021467737435385423 0.7152202346638049
2.06797e-07 0.263575815913679 0.02147435904963671 0.7149498250366844
2.06893e-07 0.26383956723520335 0.021480546569410945 0.7146798861953857
2.06989e-07 0.26410356433141136 0.021486710392203894 0.7144097252763848
2.07086e-07 0.26436808367714865 0.02149326136186135 0.7141386549609899
2.07183e-07 0.2646328460923664 0.021499788650330177 0.7138673652573034
2.07279e-07 0.26489757366748273 0.021505881675357094 0.7135965446571602
2.07376e-07 0.26516713823302024 0.02150646917267735 0.7133263925943023
2.07473e-07 0.26545518265911494 0.02148158366192384 0.7130632336789612
2.0757e-07 0.2657430426347575 0.02145676351746755 0.7128001938477749
2.07667e-07 0.26603042719432196 0.02143215354712456 0.7125374192585535
2.07764e-07 0.26631791831234114 0.021407463204640067 0.7122746184830188
2.07861e-07 0.2666052244252787 0.021382837605684202 0.7120119379690372
2.07958e-07 0.2668923453525914 0.02135827654388586 0.7117493781035228
2.08056e-07 0.2671795563236784 0.021334186310496325 0.7114862573658253
2.08153e-07 0.26746601826366456 0.021309896662662635 0.7112240850736729
2.08251e-07 0.2677528576740784 0.021285932546340623 0.710961209779581
2.08349e-07 0.26803951059412257 0.021262031066943934 0.7106984583389335
2.08446e-07 0.2683257026454349 0.021237787694522878 0.7104365096600422
2.08544e-07 0.2686119894001193 0.021214010420870028 0.7101740001790107
2.08642e-07 0.26889779030056987 0.021190439226879226 0.7099117704725509
2.0874e-07 0.26918369646111046 0.021166786555623627 0.7096495169832658
2.08838e-07 0.2694694152943987 0.021143195534108743 0.7093873891714926
2.08937e-07 0.26975521934242874 0.021120067623170622 0.7091247130344006
2.09035e-07 0.2700405697628563 0.021096597781539488 0.7088628324556042
2.09133e-07 0.2703257253518069 0.021073190011890112 0.708601084636303
2.09232e-07 0.27061067649718334 0.021050384457478685 0.708338939045338
2.0933e-07 0.2708954562955189 0.021027097426286626 0.7080774462781945
2.09429e-07 0.27118031902319223 0.0210042699066392 0.7078154110701685
2.09528e-07 0.27146499975323485 0.02098150064516377 0.7075534996016014
2.09627e-07 0.2717494842888488 0.020958791448321024 0.7072917242628302
2.09726e-07 0.27203349415998945 0.020936280973282068 0.7070302248667285
2.09825e-07 0.2723176005012206 0.020913689070400837 0.7067687104283785
2.09924e-07 0.2726015172367084 0.02089115567998164 0.7065073270833099
2.10023e-07 0.2728852512473841 0.02086867962934245 0.7062460691232735
2.10122e-07 0.27316878834922487 0.020846262714213786 0.7059849489365614
2.10222e-07 0.2734521217792074 0.020824437077497922 0.7057234411432947
2.10321e-07 0.2737352789752628 0.020802135114080945 0.7054625859106564
2.10421e-07 0.27401851405912486 0.02078028461594993 0.7052012013249251
2.10521e-07 0.27430156513196846 0.020758489540286126 0.7049399453277454
2.10621e-07 0.27458441802256595 0.02073675167571303 0.7046788303017211
2.10721e-07 0.27486680008234354 0.020715206917645074 0.7044179930000114
2.10821e-07 0.2751492427662306 0.02069358461982491 0.7041571726139445
2.10921e-07 0.275431564090032 0.02067200825070032 0.7038964276592676
2.11021e-07 0.27571362356466855 0.020650497177349483 0.703635879257982
2.11121e-07 0.2759955614231026 0.020629031712869252 0.7033754068640281
2.11222e-07 0.27627750296728104 0.02060802101969079 0.7031144760130281
2.11322e-07 0.2765587804811076 0.020586800702273585 0.7028544188166188
2.11423e-07 0.2768403375183066 0.020565898099962798 0.7025937643817306
2.11523e-07 0.27712143683372426 0.02054466080275246 0.7023339023635233
2.11624e-07 0.2774026784763274 0.020523856202689372 0.7020734653209832
2.11725e-07 0.2776836568851548 0.020503114625167115 0.7018132284896781
2.11826e-07 0.2779642389772185 0.02048255068508957 0.7015532103376919
2.11927e-07 0.27824483144332646 0.020461915042368002 0.7012932535143055
2.12028e-07 0.278508359132054 0.020445571841424325 0.7010460690265216
2.12129e-07 0.2787607634843642 0.02043211511242906 0.7008071214032068
2.12231e-07 0.2790134780122439 0.02041895058362722 0.7005675714041288
2.12332e-07 0.27926584471491517 0.020405421757480748 0.700328733527604
2.12434e-07 0.27951831883979444 0.020392308222556197 0.7000893729376493
2.12535e-07 0.27977030527435004 0.020378850172340524 0.6998508445533094
2.12637e-07 0.2800221994334307 0.020365929300463128 0.6996118712661062
2.12739e-07 0.28027420746930454 0.020352905673512063 0.6993728868571834
2.12841e-07 0.280525989633677 0.02033992134346302 0.6991340890228601
2.12943e-07 0.28077768597513447 0.02032695714437894 0.6988953568804865
2.13045e-07 0.28102895927899635 0.02031415413173234 0.6986568865892714
2.13147e-07 0.2812803440697493 0.020301248860626262 0.6984184070696244
2.13249e-07 0.2815315026627242 0.020288382538901112 0.6981801147983747
2.13352e-07 0.2817828350454524 0.02027591714966322 0.6979412478048844
2.13454e-07 0.28203375084885307 0.020263099613045205 0.6977031495381018
2.13557e-07 0.28228443515323015 0.020250831690022748 0.6974647331567472
2.1366e-07 0.2825352974986082 0.02023845190152687 0.697226250599865
2.13763e-07 0.28278600274237886 0.020226100444522915 0.6969878968130983
2.13865e-07 0.28303622213357 0.02021340746045581 0.6967503704059741
2.13968e-07 0.2832863506734668 0.020201242615348735 0.6965124067111844
2.14072e-07 0.2835368430534736 0.0201893543740382 0.6962738025724882
2.14175e-07 0.2837868496317244 0.02017712472305042 0.6960360256452252
2.14278e-07 0.2840367686954504 0.020164913614943773 0.6957983176896059
2.14382e-07 0.2842867875480202 0.020153107812165248 0.6955601046398145
2.14485e-07 0.28453606114523794 0.020141090298615615 0.6953228485561465
2.14589e-07 0.28478576434977965 0.020129338787672826 0.6950848968625475
2.14692e-07 0.28503505267269974 0.020117237904401116 0.6948477094228992
2.14796e-07 0.2852843695136875 0.02010554996289235 0.6946100805234201
2.149e-07 0.2855333397579602 0.020094007571778108 0.6943726526702616
2.15004e-07 0.2857824100336763 0.020082363649691425 0.6941352263166323
2.15108e-07 0.28603125181666134 0.020070755743912327 0.6938979924394263
2.15212e-07 0.28628000483946264 0.020059165113863114 0.6936608300466742
2.15317e-07 0.28652885410143475 0.02004797523515575 0.6934231706634094
2.15421e-07 0.2867770337185992 0.020036564444783522 0.6931864018366173
2.15526e-07 0.2870254951555864 0.020025435514856353 0.6929490693295572
2.1563e-07 0.28727361283380376 0.020013949771023137 0.6927124373951731
2.15735e-07 0.2875218254293498 0.02000286310941515 0.6924753114612351
2.1584e-07 0.28776955495040074 0.01999193766174079 0.6922385073878585
2.15945e-07 0.2880174488189661 0.019980901771342194 0.6920016494096917
2.1605e-07 0.28826518298590653 0.019969891264873866 0.6917649257492196
2.16155e-07 0.2885126875911944 0.01995891531909107 0.6915283970897145
2.1626e-07 0.2887601021905884 0.019947955377476886 0.6912919424319348
2.16365e-07 0.2890071056747308 0.019937146153942178 0.6910557481713271
2.16471e-07 0.2892571043183551 0.019926256571876612 0.6908166391097682
2.16576e-07 0.28950804423122983 0.019914935416125976 0.6905770203526441
2.16682e-07 0.2897590753785694 0.019904009679052898 0.6903369149423777
2.16788e-07 0.2900101251966119 0.01989299329056073 0.6900968815128274
2.16894e-07 0.2902608340744862 0.019882117590905506 0.6898570483346083
2.17e-07 0.2905113819555845 0.019871266730000007 0.6896173513144155
2.17106e-07 0.29076201657686096 0.01986031637842709 0.6893776670447119
2.17212e-07 0.29101224177376656 0.01984951518564695 0.6891382430405865
2.17318e-07 0.29126230577480056 0.0198387386440463 0.6888989555811532
2.17424e-07 0.2915124548567536 0.01982786295885435 0.6886596821843921
2.17531e-07 0.29176244504477217 0.019817502677382887 0.6884200522778449
2.17637e-07 0.29201202431232487 0.01980679955605781 0.6881811761316173
2.17744e-07 0.29226193571896736 0.019796363927062556 0.6879417003539702
2.17851e-07 0.292511439693744 0.019786075350156036 0.6877024849560999
2.17958e-07 0.2927607815459554 0.019775810385800594 0.687463408068244
2.18065e-07 0.29300989158866814 0.019765578059459707 0.6872245303518723
2.18172e-07 0.2932591519827753 0.0197552376224117 0.686985610394813
2.18279e-07 0.293508006647612 0.019745043305728988 0.686746950046659
2.18386e-07 0.2937566989615898 0.01973487236596432 0.6865084286724459
2.18494e-07 0.29400571713090146 0.01972496671700191 0.6862693161520967
2.18601e-07 0.2942540838215036 0.01971484219758127 0.6860310739809152
2.18709e-07 0.2945025341908341 0.019705104193687484 0.6857923616154784
2.18817e-07 0.29475106151343616 0.01969526719252979 0.6855536712940341
2.18925e-07 0.2949991851082325 0.019685574283297647 0.6853152406084698
2.19033e-07 0.2952471454789091 0.019675903753286313 0.6850769507678045
2.19141e-07 0.2954951812249529 0.019666134562287472 0.6848386842127596
2.19249e-07 0.29574281452615236 0.01965650879103511 0.6846006766828125
2.19357e-07 0.295990214962146 0.019646914216764656 0.6843628708210893
2.19465e-07 0.29623752149212895 0.019637332807404023 0.6841251457004671
2.19574e-07 0.2964851452611449 0.01962801390935618 0.6838868408294989
2.19682e-07 0.2967321240742722 0.019618476495397805 0.68364939943033
2.19791e-07 0.2969791827192176 0.019609321165312946 0.6834114961154694
2.199e-07 0.29722631255453325 0.01960006731104023 0.6831736201344265
2.20009e-07 0.29747304238084704 0.019590954698538877 0.6829360029206141
2.20118e-07 0.29771960797111124 0.01958186328452072 0.682698528744368
2.20227e-07 0.2979662432242242 0.019572673675879126 0.6824610830998966
2.20336e-07 0.29821247975627496 0.019563624663551278 0.6822238955801737
2.20446e-07 0.29845879361695826 0.019554954896186395 0.6819862514868553
2.20555e-07 0.29870493366358086 0.019545828744359027 0.6817492375920601
2.20665e-07 0.29895091739243745 0.019537200130583986 0.6815118824769786
2.20774e-07 0.29919642592237716 0.019528243392352863 0.68127533068527
2.20884e-07 0.2994423110046991 0.01951953718185879 0.6810381518134421
2.20994e-07 0.2996877993776865 0.01951096967814262 0.6808012309441709
2.21104e-07 0.2999331226207174 0.01950242229229804 0.6805644550869846
2.21214e-07 0.30017828070161734 0.019493894975065464 0.6803278243233172
2.21324e-07 0.30042350289375297 0.01948526992416469 0.6800912271820824
2.21435e-07 0.30066597937336326 0.019477291661597278 0.6798567289650395
2.21545e-07 0.30086497794319567 0.019470669775887836 0.6796643522809165
2.21656e-07 0.30106405483516396 0.01946442298498782 0.6794715221798482
2.21766e-07 0.30126250462197873 0.019457958395146184 0.679279536982875
2.21877e-07 0.301461260883455 0.01945175089749945 0.6790869882190456
2.21988e-07 0.3016596294697626 0.019445679782178902 0.6788946907480584
2.22099e-07 0.3018580655212858 0.01943951106440445 0.6787024234143098
2.2221e-07 0.3020561148110012 0.01943347833654633 0.6785104068524525
2.22321e-07 0.30225423127645334 0.019427348171315945 0.6783184205522307
2.22432e-07 0.30245196189087786 0.019421353605743413 0.6781266845033788
2.22544e-07 0.3026499964811102 0.019415614378505447 0.6779343891403843
2.22655e-07 0.30284747771117887 0.019409648730921908 0.6777428735578992
2.22767e-07 0.30304519331455304 0.019403946781640653 0.6775508599038063
2.22879e-07 0.30324252447320577 0.019398379109382215 0.677359096417412
2.22991e-07 0.3034399215435504 0.01939271393682218 0.6771673645196274
2.23103e-07 0.3036369350722769 0.019387182663794137 0.6769758822639289
2.23215e-07 0.30383401423141876 0.01938155405332327 0.6767844317152579
2.23327e-07 0.30403071074946936 0.019376058966937983 0.6765932302835928
2.23439e-07 0.3042274726188234 0.019370466705464773 0.6764020606757117
2.23552e-07 0.30442408799617254 0.019365357744518894 0.6762105542593085
2.23664e-07 0.304620532992419 0.019359801348655333 0.6760196656589257
2.23777e-07 0.30481683198370435 0.019354727345657134 0.6758284406706385
2.2389e-07 0.3050131953656062 0.019349555951101823 0.675637248683292
2.24003e-07 0.30520917838422174 0.019344516436409175 0.6754463051793691
2.24116e-07 0.30540522552020777 0.01933937969073988 0.6752553947890524
2.24229e-07 0.3056008931831447 0.01933437446373184 0.6750647323531235
2.24342e-07 0.30579662469232866 0.019329272165829345 0.6748741031418419
2.24455e-07 0.30599197761613617 0.019324301027314902 0.674683721356549
2.24569e-07 0.30618762752906964 0.01931958073319621 0.6744927917377342
2.24683e-07 0.3063828993327064 0.019314990718835686 0.6743021099484579
2.24796e-07 0.3065780010343741 0.01930995619122004 0.6741120427744058
2.2491e-07 0.3067729587165615 0.019305399088020033 0.6739216421954185
2.25024e-07 0.3069679790343042 0.019300744866314327 0.6737312760993815
2.25138e-07 0.30716262300508373 0.01929622022542272 0.6735411567694936
2.25252e-07 0.30735732934812005 0.019291598623785086 0.673351072028095
2.25366e-07 0.3075516602215549 0.01928710625729314 0.673161233521152
2.25481e-07 0.30774628497992645 0.019282862773018158 0.6729708522470554
2.25595e-07 0.3079403031646572 0.019278402238512155 0.6727812945968306
2.2571e-07 0.308134614564953 0.019274190232105626 0.6725911952029413
2.25825e-07 0.3083285518326597 0.019270106270220324 0.67240134189712
2.2594e-07 0.30852255028434933 0.019265925306620624 0.67221152440903
2.26055e-07 0.30871617547302455 0.019261872053213634 0.6720219524737618
2.2617e-07 0.30890986159005696 0.019257721953486663 0.6718324164564564
2.26285e-07 0.30910850279835195 0.01925362449467416 0.6716378727069738
2.264e-07 0.3093821997936612 0.01924892468509485 0.6713688755212439
2.26516e-07 0.3096560226439809 0.019244574156274515 0.6710994031997446
2.26631e-07 0.30992951144048625 0.019239885788927127 0.6708306027705866
2.26747e-07 0.31020312466328803 0.019235546227940634 0.6705613291087713
2.26863e-07 0.310476418886913 0.019231323370060616 0.6702922577430264
2.26979e-07 0.31074988908020706 0.019226985951972135 0.6700231249678208
2.27095e-07 0.3110231852854974 0.019222662382780115 0.6697541523317224
2.27211e-07 0.31129637494265894 0.01921834418703746 0.6694852808703036
2.27327e-07 0.3115694577120575 0.019214031366407827 0.6692165109215346
2.27443e-07 0.3118424332558483 0.01920972392251431 0.6689478428216374
2.2756e-07 0.3121155275167968 0.019205763175701603 0.6686787093075016
2.27677e-07 0.31238837140935943 0.019201909383543634 0.668409719207097
2.27793e-07 0.3126610230865093 0.019197617494325837 0.668141359419165
2.2791e-07 0.3129337913636652 0.019193671612295064 0.6678725370240398
2.28027e-07 0.3132064500032549 0.019189730650987922 0.6676038193457571
2.28144e-07 0.31347899867627815 0.019185794612623156 0.6673352067110987
2.28262e-07 0.31375166109323616 0.019182203434792523 0.6670661354719714
2.28379e-07 0.3140238501233352 0.01917837837252551 0.6667977715041392
2.28496e-07 0.3142960671238014 0.01917445677231361 0.6665294761038849
2.28614e-07 0.31456839576685025 0.019170879355059085 0.6662607248780906
2.28732e-07 0.314840612068495 0.019167306416580644 0.6659920815149244
2.2885e-07 0.315112715708553 0.01916373795966594 0.6657235463317811
2.28967e-07 0.31538448459431984 0.019159835413425103 0.665455679992255
2.29086e-07 0.3156566516384974 0.01915660610470615 0.6651867422567965
2.29204e-07 0.3159282130308482 0.019153160073818974 0.6649186268953328
2.29322e-07 0.3161998634120145 0.01914960945883661 0.664650527129149
2.29441e-07 0.31647161980931426 0.019146401017335186 0.6643819791733505
2.29559e-07 0.3167430410251833 0.019142859170803342 0.6641140998040134
2.29678e-07 0.3170145668748941 0.019139659057781085 0.6638457740673249
2.29797e-07 0.3172859767973978 0.019136463003105512 0.6635775601994967
2.29916e-07 0.31755733842778955 0.019133262641593013 0.6633093989306175
2.30035e-07 0.31782831704781206 0.019130182881297423 0.6630415000708906
2.30154e-07 0.31809937790713605 0.019126998911943145 0.6627736231809208
2.30273e-07 0.31837032162408596 0.019123819013699358 0.6625058593622147
2.30392e-07 0.31864114789935527 0.01912064318961672 0.662238208911028
2.30512e-07 0.3189120732314775 0.01911780713989001 0.6619701196286325
2.30632e-07 0.319182947720853 0.019114966390585617 0.6617020858885614
2.30752e-07 0.31945363514271136 0.01911213763845308 0.6614342272188356
2.30871e-07 0.31972379279306 0.019109084872081666 0.6611671223348583
2.30991e-07 0.3199942420527628 0.019106263533412386 0.6608994944138248
2.31112e-07 0.3202647861852392 0.019103780474561214 0.6606314333401996
2.31232e-07 0.3205349948017761 0.019100966243371504 0.6603640389548523
2.31352e-07 0.3207988732059302 0.019097748516541217 0.6601033782775286
2.31473e-07 0.32098830199750894 0.019088995732339034 0.659922702270152
2.31594e-07 0.32117755990711133 0.01908027166169757 0.659742168431191
2.31714e-07 0.321366173824015 0.019071357757360637 0.6595624684186243
2.31835e-07 0.32155509116454906 0.01906269097306002 0.6593822178623909
2.31956e-07 0.32174383837717824 0.019054052604556657 0.6592021090182651
2.32078e-07 0.32193243722642406 0.019045880879286277 0.6590216818942897
2.32199e-07 0.32212077734899536 0.019037306833405276 0.6588419158175993
2.3232e-07 0.3223090157397261 0.019028752651895554 0.6586622316083783
2.32442e-07 0.3224971065290265 0.0190206634428151 0.6584822300281584
2.32564e-07 0.32268521911898534 0.019012495789589155 0.6583022850914255
2.32685e-07 0.3228728833167155 0.01900403283464701 0.6581230838486375
2.32807e-07 0.3230604680909042 0.018996024981520417 0.6579435069275754
2.32929e-07 0.3232480748331728 0.018987938839664487 0.6577639863271627
2.33052e-07 0.32343565756144166 0.018980217608736732 0.6575841248298216
2.33174e-07 0.32362273816562 0.018972289663089326 0.6574049721712907
2.33296e-07 0.32380984090471593 0.01896428358257447 0.6572258755127096
2.33419e-07 0.3239969870054779 0.0189566330451883 0.6570463799493337
2.33542e-07 0.3241837093170215 0.018949120922499674 0.6568671697604789
2.33665e-07 0.32437052058930654 0.018941522064351013 0.6566879573463424
2.33788e-07 0.3245571646919233 0.018933948988234597 0.656508886319842
2.33911e-07 0.3247434532813776 0.018926505502955132 0.6563300412156673
2.34034e-07 0.3249296972049388 0.01891899168811231 0.6561513111069489
2.34157e-07 0.32511584150219613 0.01891149528197227 0.6559726632158316
2.34281e-07 0.3253018411556332 0.018904454582066004 0.6557937042623008
2.34404e-07 0.3254876532998479 0.01889700851757135 0.6556153381825808
2.34528e-07 0.3256732547432828 0.018890025186194467 0.6554367200705228
2.34652e-07 0.3258589447741831 0.01888295502243461 0.6552581002033823
2.34776e-07 0.32604446919938973 0.018875909359846853 0.6550796214407634
2.349e-07 0.32622964115931274 0.01886899091803697 0.6549013679226503
2.35024e-07 0.3264147689586714 0.01886200189837734 0.6547232291429512
2.35149e-07 0.3266000065194487 0.018855353843878393 0.6545446396366729
2.35273e-07 0.32678468442463127 0.018848507324198592 0.6543668082511701
2.35398e-07 0.3269695925536149 0.01884190652941429 0.6541885009169708
2.35523e-07 0.3271542700381683 0.018835337155390337 0.6540103928064414
2.35648e-07 0.327338663372099 0.01882888514359291 0.6538324514843081
2.35773e-07 0.32752307882078197 0.018822354268246532 0.6536545669109716
2.35898e-07 0.32770733043808514 0.01881584658865768 0.6534768229732573
2.36023e-07 0.3278911671204507 0.018809471592510774 0.6532993612870385
2.36149e-07 0.3280752988024471 0.018803332398804527 0.6531213687987484
2.36275e-07 0.32825926698877145 0.018797215604476093 0.6529435174067525
2.364e-07 0.32844268058859455 0.018790900452652182 0.6527664189587533
2.36526e-07 0.3286262571878719 0.018784836297497432 0.6525889065146306
2.36652e-07 0.328809736717109 0.01877878639059627 0.6524114768922947
2.36778e-07 0.32899286931141686 0.018772859428495325 0.6522342712600879
2.36905e-07 0.32917622980570677 0.018767174318187092 0.6520565958761061
2.37031e-07 0.3293591569045878 0.018761197962090796 0.6518796451333215
2.37157e-07 0.32958401223341305 0.018754094712079877 0.6516618930545071
2.37284e-07 0.3298504808364648 0.01874608487781931 0.6514034342857159
2.37411e-07 0.3301165546079175 0.018738195177540287 0.6511452502145423
2.37538e-07 0.33038259963789035 0.018730225056822994 0.6508871753052866
2.37665e-07 0.33064843269571753 0.01872227478725177 0.6506292925170307
2.37792e-07 0.33091405380879785 0.01871434431870075 0.6503716018725014
2.3792e-07 0.3311796660482523 0.018706752128173364 0.6501135818235744
2.38047e-07 0.33144468241708797 0.018698960319750872 0.6498563572631612
2.38175e-07 0.3317098702733344 0.018691406495791818 0.6495987232308739
2.38302e-07 0.33197464362297846 0.018683554028814605 0.6493418023482069
2.3843e-07 0.3322394067777393 0.01867603851418683 0.6490845547080739
2.38558e-07 0.33250395745103073 0.018668541941915695 0.6488275006070536
2.38687e-07 0.33276831817799024 0.018661479922205366 0.6485702018998044
2.38815e-07 0.3330324440706833 0.0186540206788363 0.6483135352504804
2.38943e-07 0.33329635758821174 0.018646580236429372 0.6480570621753589
2.39072e-07 0.33356025855792093 0.018639474558697355 0.6478002668833818
2.39201e-07 0.33382376988061463 0.01863248531898274 0.6475437448004027
2.3933e-07 0.33408724528103456 0.01862541577374726 0.6472873389452182
2.39459e-07 0.33435044265563746 0.01861837204022914 0.6470311853041335
2.39588e-07 0.3346134922323461 0.018611338572406513 0.6467751691952475
2.39717e-07 0.33487632895130404 0.018604323079209832 0.6465193479694862
2.39846e-07 0.33513877839774286 0.018597423143123265 0.6462637984591338
2.39976e-07 0.3354013872190214 0.018590757438515536 0.6460078553424631
2.40106e-07 0.3356637825913145 0.01858410903503304 0.6457521083736525
2.40236e-07 0.3359259645613209 0.018577477889723196 0.645496557548956
2.40366e-07 0.3361877604354319 0.018570961073135304 0.6452412784914328
2.40496e-07 0.3364495161719269 0.018564364187910715 0.6449861196401623
2.40626e-07 0.3367110586511218 0.01855778443303255 0.6447311569158457
2.40756e-07 0.3369723879235261 0.01855122176603756 0.6444763903104365
2.40887e-07 0.3372336987568629 0.018544988382720652 0.6442213128604164
2.41018e-07 0.3374946251472136 0.018538867954965316 0.6439665068978211
2.41148e-07 0.3377553148096882 0.018532355642216336 0.6437123295480955
2.41279e-07 0.3380159851033151 0.01852617170041432 0.6434578431962705
2.41411e-07 0.33827663499391036 0.018520315304128766 0.6432030497019608
2.41542e-07 0.33853687764755164 0.018514163768664507 0.6429489585837838
2.41673e-07 0.33879673823850587 0.01850812436456734 0.6426951373969267
2.41805e-07 0.3390567464353321 0.018502315627440046 0.6424409379372278
2.41937e-07 0.3393165404680915 0.018496522568053276 0.6421869369638552
2.42068e-07 0.33957592895081296 0.018490435246128346 0.6419336358030587
2.422e-07 0.3398350636925682 0.018484776661674758 0.641680159645757
2.42332e-07 0.3400942163950552 0.01847903053283415 0.6414267530721106
2.42465e-07 0.34035334553208424 0.01847360906524231 0.6411730454026735
2.42597e-07 0.34061207009411926 0.018467893692463256 0.6409200362134174
2.4273e-07 0.34088741267598793 0.018455718058713873 0.6406568692652982
2.42862e-07 0.34117779461616987 0.01843692994116232 0.6403852754426679
2.42995e-07 0.3414681027412199 0.01841850040731633 0.6401133968514638
2.43128e-07 0.3417580832551197 0.018400128276468614 0.6398417884684117
2.43261e-07 0.3420476721481948 0.018381820861240464 0.6395705069905646
2.43395e-07 0.34233718654832734 0.018363869299674363 0.6392989441519983
2.43528e-07 0.3426263490417696 0.01834557397476157 0.6390280769834689
2.43662e-07 0.3429151452955857 0.018327742129974473 0.6387571125744399
2.43795e-07 0.3432034928255076 0.01830965307474875 0.6384868540997436
2.43929e-07 0.34349170162099035 0.018291924892210768 0.6382163734867988
2.44063e-07 0.34377958495464445 0.018274251771350468 0.6379461632740051
2.44197e-07 0.34406707909408274 0.018256640950732768 0.6376762799551845
2.44332e-07 0.3443544981399351 0.018239380858191274 0.6374061210018735
2.44466e-07 0.3446415670528122 0.018221778939606286 0.6371366540075815
2.44601e-07 0.34492827255789704 0.018204633894489602 0.6368670935476134
2.44736e-07 0.3452147180110562 0.018187534640016687 0.6365977473489272
2.44871e-07 0.34550083976076107 0.01817048839907505 0.6363286718401638
2.45006e-07 0.34578657431368787 0.01815350234872482 0.6360599233375873
2.45141e-07 0.3460720499307056 0.01813656152244077 0.6357913885468536
2.45276e-07 0.34635720307900975 0.01811967311078103 0.6355231238102093
2.45412e-07 0.3466423099487362 0.018103053584886133 0.6352546364663777
2.45547e-07 0.34692681868747394 0.018086269185633816 0.6349869121268923
2.45683e-07 0.34721118805034407 0.018069836148696897 0.6347189758009589
2.45819e-07 0.3474951722283713 0.01805346126238744 0.6344513665092413
2.45955e-07 0.3477788990077976 0.018037129706935225 0.634183971285267
2.46091e-07 0.3480623050953697 0.01802084861219004 0.6339168462924403
2.46228e-07 0.34834566246104254 0.018004833125647886 0.6336495044133095
2.46364e-07 0.34862842770594776 0.01798865216486681 0.6333829201291855
2.46501e-07 0.34891105326610294 0.0179728183020348 0.6331161284318623
2.46638e-07 0.34919329566731455 0.017957040619324075 0.6328496637133614
2.46775e-07 0.3494752822186815 0.01794130444005076 0.6325834133412678
2.46912e-07 0.3497569498674025 0.017925616834673763 0.6323174332979238
2.47049e-07 0.35003823572049053 0.017909984830315456 0.632051779449194
2.47187e-07 0.35031959681153235 0.017894600433746303 0.6317858027547213
2.47325e-07 0.3506004872378553 0.017879352167298454 0.6315201605948463
2.47462e-07 0.35088081920129427 0.01786386363598277 0.631255317162723
2.476e-07 0.3511610745608014 0.017848709760207755 0.6309902156789908
2.47738e-07 0.35144101281721407 0.017833602635235837 0.6307253845475501
2.47877e-07 0.3517207476278992 0.017818842651411645 0.6304604097206892
2.48015e-07 0.352000202269346 0.017803740474681667 0.6301960572559723
2.48153e-07 0.35227919102895233 0.017788772352909845 0.6299320366181378
2.48292e-07 0.35255797668081085 0.017774149714124506 0.6296678736050646
2.48431e-07 0.35283650960814555 0.01775956511009707 0.6294039252817574
2.4857e-07 0.3531147272412834 0.017745025496185677 0.6291402472625309
2.48709e-07 0.35339256717157125 0.017730537786426567 0.6288768950420023
2.48849e-07 0.3536703294127333 0.017716378496353487 0.6286132920909133
2.48988e-07 0.35394775039247367 0.017701886002122788 0.6283503636054035
2.49128e-07 0.3542955326355384 0.01768141063661615 0.6280230567278455
2.49267e-07 0.3546469927812019 0.01766037256916768 0.6276926346496304
2.49407e-07 0.35499839859343635 0.01763960065601971 0.6273620007505439
2.49548e-07 0.3553495396850068 0.01761918666346211 0.6270312736515311
2.49688e-07 0.355700053409644 0.01759862387197316 0.6267013227183829
2.49828e-07 0.35605033843454076 0.017578037114485155 0.626371624450974
2.49969e-07 0.3564003578483015 0.017557806283953325 0.6260418358677452
2.5011e-07 0.35674992316631354 0.017537713756191276 0.6257123630774951
2.5025e-07 0.35709908825697784 0.01751730973548221 0.6253836020075401
2.50391e-07 0.3574479868754634 0.017497259670535465 0.6250547534540011
2.50533e-07 0.3577967427972159 0.01747754817555604 0.624725709027228
2.50674e-07 0.35814481595615033 0.017457694140597127 0.6243974899032525
2.50816e-07 0.3584928242060635 0.017438100072064484 0.6240690757218721
2.50957e-07 0.35884022891814704 0.017418286681995136 0.6237414843998578
2.51099e-07 0.35918735092396015 0.01739889289995375 0.6234137561760861
2.51241e-07 0.3595342384398201 0.017379473276504555 0.6230862882836753
2.51383e-07 0.35988069007068973 0.01736011817933807 0.6227591917499723
2.51526e-07 0.3602268587637271 0.017341179458255664 0.6224319617780172
2.51668e-07 0.3605726261904189 0.017321931592371023 0.62210544221721
2.51811e-07 0.36091818487692334 0.017303022801728227 0.6217787923213484
2.51954e-07 0.36126317211714154 0.01728425924455097 0.6214525686383074
2.52097e-07 0.361607984013074 0.01726546211331203 0.621126553873614
2.5224e-07 0.36195242251576 0.017246720612950944 0.620800856871289
2.52383e-07 0.3622964256981432 0.017228041333055995 0.6204755329688009
2.52527e-07 0.36264027087891443 0.017209758586864826 0.6201499705342207
2.5267e-07 0.3629835283489631 0.017191188987212638 0.6198252826638243
2.52814e-07 0.3633265743671186 0.01717295341420529 0.6195004722186761
2.52958e-07 0.36366911536745167 0.017154852774253278 0.6191760318582951
2.53102e-07 0.3640114155929121 0.01713672449611455 0.6188518599109732
2.53246e-07 0.3643533429682872 0.017118649671639365 0.6185280073600734
2.53391e-07 0.36469492680918486 0.01710098629241941 0.6182040868983958
2.53535e-07 0.3650361091853302 0.017083017237127976 0.6178808735775417
2.5368e-07 0.3653770777314043 0.01706537790849907 0.6175575443600967
2.53825e-07 0.3657175447526985 0.017047870533028718 0.6172345847142727
2.5397e-07 0.36605838637128946 0.017030267988030385 0.6169113456406802
2.54116e-07 0.36639839413750913 0.017013059483587372 0.6165885463789036
2.54261e-07 0.36673787218434506 0.016995626298806663 0.6162665015168483
2.54407e-07 0.36707700779024954 0.016978598546690635 0.6159443936630599
2.54552e-07 0.36741574210396677 0.01696126702194647 0.6156229908740868
2.54698e-07 0.3677542600979833 0.016944260476323997 0.6153014794256927
2.54845e-07 0.3680924356302997 0.016927656406828067 0.6149799079628723
2.54991e-07 0.36843020948221117 0.016910748938190414 0.6146590415795984
2.55137e-07 0.3687676115865958 0.016893891023708793 0.6143384973896954
2.55284e-07 0.3690818708923957 0.01686822134278736 0.6140499077648169
2.55431e-07 0.3693943233434436 0.016842210308080207 0.6137634663484762
2.55578e-07 0.36970644019574006 0.016816222339659195 0.6134773374646008
2.55725e-07 0.3700179761404408 0.01679041278757066 0.6131916110719886
2.55872e-07 0.3703290554864842 0.01676470311623255 0.6129062413972832
2.5602e-07 0.37063983123259264 0.016739362824736415 0.6126208059426709
2.56167e-07 0.3709500000259052 0.016713850933002636 0.6123361490410922
2.56315e-07 0.371259987852589 0.016688629713580677 0.6120513824338303
2.56463e-07 0.37156940076924855 0.016663582375720912 0.6117670168550305
2.56611e-07 0.371878361378211 0.01663863148981951 0.6114830071319695
2.56759e-07 0.3721868706555692 0.016613776579669823 0.611199352764761
2.56908e-07 0.37249507973490587 0.01658928422638468 0.6109156360387095
2.57057e-07 0.3728028388139336 0.016564885938956924 0.6106322752471095
2.57205e-07 0.3731101186178033 0.016540239684423096 0.6103496416977736
2.57354e-07 0.37341698058654543 0.016516028828182233 0.6100669905852723
2.57504e-07 0.3737235443967137 0.016492175790929826 0.6097842798123564
2.57653e-07 0.37402951283910896 0.01646814937256929 0.6095023377883219
2.57802e-07 0.3743350361155001 0.01644421473388734 0.6092207491506125
2.57952e-07 0.37464038088235235 0.016420560681907177 0.6089390584357404
2.58102e-07 0.37494516379755227 0.016397071235558936 0.6086577649668888
2.58252e-07 0.3752495038159147 0.016373671295218706 0.6083768248888666
2.58402e-07 0.3755534018922728 0.016350360424912055 0.6080962376828152
2.58553e-07 0.3758570057896643 0.016327400042986013 0.6078155941673496
2.58703e-07 0.37616002253644387 0.016304265552967726 0.6075357119105884
2.58854e-07 0.37646286216600366 0.016281406500780242 0.6072557313332161
2.59005e-07 0.37676514697115737 0.016258707352307212 0.6069761456765355
2.59156e-07 0.3770669939776906 0.016236094221885277 0.6066969118004241
2.59307e-07 0.3773684041286484 0.01621356669358926 0.6064180291777622
2.59459e-07 0.37766952337441334 0.016191383466220826 0.6061390931593658
2.5961e-07 0.377970062336342 0.016169025453240282 0.6058609122104177
2.59762e-07 0.378270425568462 0.016146937903680676 0.6055826365278573
2.59914e-07 0.37857024089716423 0.01612500573379524 0.6053047533690404
2.60066e-07 0.3788696234607772 0.016103156234372053 0.6050272203048508
2.60219e-07 0.37916871771274374 0.016081645889593592 0.6047496363976627
2.60371e-07 0.37946723724218107 0.01605996010134592 0.6044728026564731
2.60524e-07 0.37976558209487227 0.016038540613919565 0.6041958772912083
2.60677e-07 0.3800633846329816 0.01601727272210901 0.6039193426449094
2.6083e-07 0.38036075845365974 0.01599608466965941 0.6036431568766809
2.60983e-07 0.38065770447873176 0.015974976075684377 0.6033673194455837
2.61137e-07 0.3809543653802202 0.015954200825803712 0.6030914337939761
2.6129e-07 0.3812504582777316 0.01593324958415133 0.602816292138117
2.61444e-07 0.38154637787394247 0.01591255997715202 0.6025410621489055
2.61598e-07 0.3818417618852164 0.01589201775422761 0.602266220360556
2.61752e-07 0.3820654536251343 0.01587848339427773 0.602056062980588
2.61906e-07 0.38228593889380796 0.01586529605055812 0.6018487650556339
2.62061e-07 0.3825064150844166 0.015852339008901425 0.601641245906682
2.62216e-07 0.38272652209665026 0.015839498586207736 0.601433979317142
2.6237e-07 0.3829462305255562 0.015826453649369496 0.6012273158250743
2.62526e-07 0.38316607027871 0.01581388873548529 0.6010200409858046
2.62681e-07 0.38338540281683303 0.015801188140126196 0.6008134090430407
2.62836e-07 0.3836044782655918 0.015788533704349513 0.6006069880300586
2.62992e-07 0.38382354553257486 0.015776106473196008 0.600400347994229
2.63148e-07 0.38404224706593953 0.01576379317850586 0.6001939597555547
2.63304e-07 0.3842608016160404 0.015751456347334505 0.599987742036625
2.6346e-07 0.38447899168991023 0.01573923279830232 0.5997817755117874
2.63616e-07 0.3846969268545597 0.0157270537659729 0.5995760193794674
2.63773e-07 0.3849148544996376 0.015715099322809484 0.599370046177553
2.63929e-07 0.3851322810592351 0.01570300855389836 0.5991647103868666
2.64086e-07 0.3853495921557638 0.015691209397737944 0.5989591984464983
2.64243e-07 0.38556675822250797 0.015679385688930143 0.5987538560885619
2.64401e-07 0.38578370074728957 0.015667919729537457 0.5985483795231731
2.64558e-07 0.38600025325984316 0.015656249164151745 0.598343497576005
2.64716e-07 0.38621679909209794 0.015644800268591656 0.5981384006393105
2.64874e-07 0.3864329852933605 0.015633460530867678 0.5979335541757718
2.65032e-07 0.3866489203571847 0.015622162360777105 0.5977289172820383
2.6519e-07 0.38686471231255654 0.015610838668334051 0.5975244490191094
2.65348e-07 0.3870801464670555 0.015599623225417764 0.5973202303075268
2.65507e-07 0.38729546725122305 0.015588693651044191 0.5971158390977328
2.65666e-07 0.3875106456925513 0.015577737776405098 0.5969116165310436
2.65825e-07 0.3877254677839328 0.01556688864027748 0.5967076435757898
2.65984e-07 0.3879401482823769 0.015556013104942316 0.5965038386126807
2.66143e-07 0.3881544736336037 0.015545243724431725 0.5963002826419644
2.66303e-07 0.3883686867766789 0.015534757206003265 0.5960965560173178
2.66462e-07 0.38858262388534137 0.01552400054064923 0.5958933755740095
2.66622e-07 0.3887963426512446 0.015513591858497036 0.5956900654902584
2.66782e-07 0.3890098149169076 0.015503221638076579 0.5954869634450157
2.66943e-07 0.38922328209912305 0.015493066223274355 0.5952836516776026
2.67103e-07 0.38943626251109015 0.015482772258712108 0.5950809652301978
2.67264e-07 0.38964913214400015 0.015472757769856335 0.5948781100861436
2.67425e-07 0.3898618627834349 0.015462715268552096 0.5946754219480129
2.67586e-07 0.39007424288270365 0.015452775189794323 0.594472981927502
2.67747e-07 0.39028637898307167 0.015442872024234933 0.5942707489926934
2.67909e-07 0.39049851073829894 0.01543318104596597 0.5940683082157351
