0.0 0.9630986762194172 0.016712604490124745 0.020188719290458006
0.5 0.9630965003245333 0.016714075443261565 0.020189424232205124
1.0 0.9630899711389782 0.01671848981095403 0.020191539050067764
1.5 0.9630790841564101 0.016725852122077604 0.020195063721512314
2.0 0.9630638318541388 0.01673616993821089 0.020199998207650314
2.5 0.9630442036748874 0.016749453873891103 0.020206342451221486
3.0 0.963020186001108 0.016765717625122245 0.020214096373769808
3.5 0.9629917621217584 0.016784978006290988 0.020223259871950602
4.0 0.9629589121913171 0.016807254995688293 0.020233832812994578
4.5 0.9629216131808653 0.016832571789884836 0.020245815029249832
5.0 0.9628798388209531 0.016860954867256917 0.020259206311790012
5.499999999999999 0.9628335595359415 0.01689243406101345 0.020274006403045032
6.0 0.9627827423694965 0.01692704264213013 0.020290214988373412
6.500000000000001 0.9627273509007972 0.016964817412656215 0.02030783168654659
7.0 0.9626673451510187 0.017005798809924703 0.020326856039056592
7.499999999999999 0.9626026814795594 0.01705003102226409 0.020347287498176502
8.0 0.962533312469449 0.017097562116886674 0.020369125413664372
8.5 0.9624591868012512 0.01714844418070791 0.020392369018040892
9.0 0.9623802491147686 0.01720273347494193 0.020417017410289465
9.5 0.9622964398577061 0.017260490604414105 0.02044306953787982
10.0 0.9622076951204206 0.01732178070264027 0.020470524176939137
10.5 0.9621139464557198 0.0173866736338383 0.020499379910441907
10.999999999999998 0.962015120682624 0.01745524421316929 0.020529635104206752
11.5 0.9619111396728496 0.017527572446649542 0.020561287880500878
12.0 0.961801920118634 0.017603743792333957 0.020594336089032075
12.5 0.961687373280397 0.017683849444550776 0.02062877727505223
13.000000000000002 0.9615674047125453 0.017767986643164584 0.0206646086442901
13.5 0.9614419139655643 0.017856259010067356 0.020701827024368312
14.0 0.9613107942622956 0.017948776915344484 0.020740428822359918
14.5 0.9611739321461371 0.018045657875840063 0.020780409978022826
14.999999999999998 0.9610312070985735 0.018147026989158682 0.020821765912267837
15.5 0.9608824911232068 0.018253017406489085 0.02086449147030413
16.0 0.9607276482931236 0.018363770848031945 0.02090858085884443
16.5 0.9605665342580668 0.018479438165256015 0.020954027576677168
17.0 0.9603989957074911 0.018600179954710312 0.02100082433779859
17.5 0.9602248697851206 0.018726167228686783 0.021048962986192656
18.0 0.9600439834501217 0.018857582148669987 0.02109843440120836
18.5 0.9598561527794323 0.018994618828237456 0.021149228392330285
19.0 0.9596611822051498 0.019137484212900645 0.021201333581949512
19.5 0.9594588636801512 0.019286399045313284 0.021254737274535508
20.0 0.9592489757643182 0.019441598925338532 0.021309425310343244
20.5 0.9590312826228291 0.019603335475679825 0.02136538190149107
21.0 0.9588055329269427 0.01977187762515641 0.021422589447900885
21.500000000000004 0.9585714586465807 0.01994751302327593 0.021481028330143405
21.999999999999996 0.9583287737227285 0.020130549601540655 0.021540676675730834
22.5 0.9580771726062557 0.020321317298954818 0.021601510094789493
23.0 0.9578163286481852 0.02052016997150779 0.02166350138030699
23.5 0.957545892324739 0.02072748750802501 0.021726620167236022
24.0 0.9572654892786043 0.02094367817773584 0.02179083254365983
24.5 0.9569747181558492 0.02116918123824115 0.021856100605909624
25.0 0.9566731482158471 0.02140446983629509 0.021922381947857762
25.5 0.9563603166894173 0.021650054237958443 0.021989629072624212
26.000000000000004 0.9560357258583582 0.021906485429227178 0.022057788712414657
26.5 0.955698839827725 0.02217435913314027 0.022126801039134763
27.0 0.955349080961034 0.022454320294511436 0.022196598744454572
27.5 0.954985825948242 0.02274706808859574 0.022267105963162264
28.0 0.9546084014778873 0.02305336151480823 0.02233823700730449
28.500000000000004 0.9542160794888831 0.023374025640412036 0.02240989487070487
29.0 0.9538080719860581 0.02370995856081603 0.022481969453125868
29.500000000000004 0.9533835254189117 0.024062139141045793 0.022554335440042515
29.999999999999996 0.9529415146491712 0.02443163559428252 0.022626849756546275
30.5 0.9524810365753229 0.02481961493365395 0.022699348491023147
31.0 0.9520010035508149 0.02522735329555435 0.0227716431536308
31.5 0.9515002368411131 0.025656247065165932 0.022843516093721
32.0 0.9509774605363269 0.026107824618947287 0.02291471484472579
32.5 0.9504312966068758 0.02658375830428753 0.022984945088836715
33.0 0.9498602622186118 0.02708587595328989 0.02305386182809836
33.50000000000001 0.9492627711077734 0.02761617069232146 0.02312105819990519
34.0 0.9486371419162788 0.028176806920401736 0.02318605116331947
34.49999999999999 0.9479816181785076 0.028770118844919507 0.023248262976572925
35.0 0.947294407606456 0.029398595457015984 0.023306996936528015
35.5 0.9465737532821821 0.030064841539233455 0.023361405178584472
36.0 0.9458180578627678 0.03077149682656684 0.02341044531066531
36.5 0.9450260967889826 0.03152108215175565 0.023452821059261712
37.0 0.9441973832743138 0.03231571716313736 0.023486899562548846
37.50000000000001 0.94333279756512 0.03315660864834101 0.023510593786538983
38.0 0.9424356886317485 0.03404311982835875 0.02352119153989271
38.50000000000001 0.9415138485670598 0.034971051037139815 0.02351510039580041
39.0 0.9405831658480157 0.035929378241566015 0.023487455910418273
39.5 0.9396746754445423 0.0368938251184159 0.023431499437041793
40.0 0.9388489341676305 0.03781351444589749 0.02333755138647202
40.5 0.9382275552516354 0.0385812036245096 0.02319124112385503
41.0 0.9380697094099987 0.03895998466990929 0.022970305920092034
41.50000000000001 0.938987422355332 0.03837402258244111 0.022638555062226944
42.0 0.9427250618964784 0.035140049578912695 0.022134888524608883
42.5 0.9575412614155743 0.02107876150216295 0.021379977082262774
43.00000000000001 0.9813569358224429 7.01680981846859e-17 0.018643064177557053
43.5 0.9809365226101201 2.5332858374403683e-16 0.019063477389879648
43.99999999999999 0.9142015158249356 1.942993059673072e-15 0.08579848417506247
44.5 0.6085365571787583 4.546506633574169e-15 0.39146344282123713
45.0 0.9036683339077954 5.612461084947131e-16 0.096331666092204
45.5 0.9373656424692857 2.1866637237166293e-16 0.06263435753071411
46.0 0.948702644036502 1.2149082535336598e-16 0.05129735596349792
46.50000000000001 0.9541836975592971 7.985592203559293e-17 0.04581630244070281
47.0 0.9573494544355249 5.784450485678513e-17 0.04265054556447506
47.5 0.9593774773404773 4.462026763878519e-17 0.04062252265952267
48.0 0.960765334089457 3.596187996991414e-17 0.039234665910543
48.5 0.9617580113773866 2.993195201797783e-17 0.03824198862261338
49.0 0.9624897267397363 2.553304817762176e-17 0.037510273260263655
49.50000000000001 0.963040059689395 2.2205940699753105e-17 0.03695994031060499
50.0 0.9634591623400172 1.961572703380333e-17 0.03654083765998282
50.5 0.9637802167116493 1.7551030729643797e-17 0.03621978328835072
51.0 0.9640260688189056 1.5872598847094975e-17 0.03597393118109436
51.50000000000001 0.964212981601954 1.448536458562374e-17 0.035787018398045975
52.00000000000001 0.9643528664270917 1.3322442887803547e-17 0.03564713357290826
52.5 0.9644546666386107 1.2335547447610594e-17 0.035545333361389306
53.0 0.9645252465323487 1.148903213435361e-17 0.03547475346765126
53.5 0.9645699804283779 1.075606343041859e-17 0.03543001957162205
54.0 0.9645931536765 1.0116090940325371e-17 0.03540684632349999
54.50000000000001 0.9645982422136057 9.553133450530416e-18 0.03540175778639431
55.0 0.9645881116409926 9.054591567486032e-18 0.03541188835900743
55.5 0.9645651617340129 8.610408708304213e-18 0.03543483826598714
56.0 0.9645314331894107 8.212467603241419e-18 0.03546856681058929
56.50000000000001 0.9644886877567763 7.854149167330834e-18 0.035511312243223674
57.00000000000001 0.9644384692982781 7.530005314436974e-18 0.03556153070172185
57.49999999999999 0.9643821509771753 7.235513028585213e-18 0.035617849022824714
58.0 0.9643209722202601 6.966887242180617e-18 0.03567902777973985
58.5 0.9642560680482901 6.720936851534271e-18 0.03574393195170988
59.00000000000001 0.9641884926462869 6.494952770717078e-18 0.03581150735371307
59.5 0.964119238541634 6.286620054821948e-18 0.035880761458366044
59.99999999999999 0.964049252401186 6.093948298860644e-18 0.035950747598814
60.5 0.9639794482027197 5.915216050697634e-18 0.03602055179728025
61.0 0.9639107183500641 5.748926069355708e-18 0.03608928164993585
61.50000000000001 0.9638439431644702 5.593769048831817e-18 0.0361560568355298
62.0 0.9637799990829041 5.448594003127714e-18 0.03622000091709587
62.50000000000001 0.9637197658171756 5.3123839325014676e-18 0.03628023418282444
63.0 0.9636641326692104 5.18423570675995e-18 0.03633586733078963
63.500000000000014 0.9636140041524593 5.0633433386158616e-18 0.036385995847540646
64.0 0.9635703050339014 4.9489839998257316e-18 0.036429694966098596
64.5 0.9635339848827066 4.840506270056728e-18 0.03646601511729341
65.0 0.9635060221887003 4.737320214046011e-18 0.0364939778112997
65.5 0.9634874280946658 4.638888964499114e-18 0.03651257190533418
66.0 0.9634792497705065 4.5447215521069426e-18 0.03652075022949352
66.5 0.9634825734433228 4.4543667743186654e-18 0.03651742655667722
67.00000000000001 0.9634985270851959 4.367407934276602e-18 0.036501472914804094
67.5 0.9635282827493086 4.283458312989907e-18 0.03647171725069142
68.0 0.9635730585347547 4.2021572632044326e-18 0.03642694146524527
68.5 0.9636341201507395 4.1231668338902815e-18 0.036365879849260534
68.99999999999999 0.9637127820417124 4.046168850867502e-18 0.03628721795828759
69.5 0.9638104080261715 3.9708623926335155e-18 0.03618959197382853
70.0 0.9639284113934977 3.8969616115656154e-18 0.036071588606502274
70.5 0.9640682543951317 3.8241938598326405e-18 0.03593174560486833
71.0 0.964231447058935 3.7522980869359044e-18 0.03576855294106495
71.5 0.9644195452486124 3.681023482101849e-18 0.035580454751387595
72.0 0.9646341478840643 3.6101283399918995e-18 0.035365852115935674
72.50000000000001 0.9648768932334889 3.539379132551433e-18 0.035123106766511085
73.0 0.9651494541844802 3.468549773420906e-18 0.03485054581551983
73.5 0.9654535323995245 3.397421064275047e-18 0.03454646760047553
74.0 0.9657908512616356 3.325780314812239e-18 0.03420914873836445
74.5 0.9661631475189094 3.253421129933574e-18 0.033836852481090585
75.00000000000001 0.9665721615429667 3.180143358961926e-18 0.03342783845703334
75.5 0.967019626126199 3.105753202573699e-18 0.03298037387380104
76.0 0.9675072537569643 3.0300634734569655e-18 0.032492746243035664
76.5 0.96803672233088 2.952894006571267e-18 0.031963277669119994
77.00000000000001 0.968609659280772 2.8740722142654e-18 0.03139034071922797
77.5 0.9692276241377925 2.793433780407341e-18 0.030772375862207487
78.0 0.9698920895722524 2.7108234860999553e-18 0.030107910427747627
78.5 0.9706044210046846 2.626096157509805e-18 0.029395578995315415
79.0 0.9713658549253819 2.5391177238461202e-18 0.02863414507461814
79.5 0.972177476113854 2.4497663706396414e-18 0.02782252388614603
80.0 0.9730401940070308 2.3579337702444585e-18 0.026959805992969207
80.50000000000001 0.9739547185258303 2.2635263680113237e-18 0.02604528147416973
81.0 0.9749215357316866 2.1664666989698896e-18 0.02507846426831339
81.50000000000001 0.9759408837460258 2.066694706252723e-18 0.024059116253974163
82.0 0.9770127294234539 1.9641690290647766e-18 0.022987270576546145
82.49999999999999 0.9781367463209221 1.858868224939921e-18 0.02186325367907793
83.00000000000001 0.9793122945467024 1.7507918885443426e-18 0.020687705453297563
83.49999999999999 0.9805384031014053 1.639961627602874e-18 0.019461596898594724
84.0 0.9818137553348998 1.5264218558608234e-18 0.018186244665100215
84.5 0.983136678134671 1.4102403635508214e-18 0.016863321865329017
85.0 0.9845051354302743 1.2915086277875695e-18 0.015494864569725706
85.5 0.9859167265429911 1.1703418287818699e-18 0.01408327345700888
86.00000000000001 0.9873686898289707 1.0468785428130676e-18 0.012631310171029251
86.5 0.9888579119581323 9.212800895028246e-19 0.011142088041867669
87.0 0.9903809430419592 7.937295189851811e-19 0.009619056958040773
87.50000000000001 0.991934017674318 6.644302338628999e-19 0.008065982325682008
87.99999999999999 0.9935130817853572 5.336042510789314e-19 0.006486918214642755
88.50000000000001 0.995113825035741 4.0149011963303543e-19 0.004886174964259027
89.0 0.9967317183040236 2.6834052098505643e-19 0.003268281695976371
89.5 0.9983620556520693 1.344195895100191e-19 0.0016379443479307418
