6e-06 0.9198645716605114 1.5832378752703654e-24 0.08013542833948861
5.97907e-06 0.9196679398073757 1.537749778766525e-24 0.08033206019262429
5.95828e-06 0.9194816100291413 1.4955113196785858e-24 0.0805183899708587
5.93764e-06 0.9193064934344609 1.4564803824678378e-24 0.08069350656553909
5.91714e-06 0.9191423780439699 1.4203678155209212e-24 0.08085762195603008
5.89678e-06 0.9189906779221738 1.3870461346121404e-24 0.08100932207782618
5.87656e-06 0.9188495257320994 1.3563882677715147e-24 0.08115047426790056
5.85648e-06 0.9187199017555217 1.3282258294093875e-24 0.08128009824447835
5.83654e-06 0.9186024254084036 1.3025619080980033e-24 0.08139757459159636
5.81673e-06 0.9184953352969232 1.2791258412503316e-24 0.08150466470307682
5.79705e-06 0.9184000029496763 1.2578611039842365e-24 0.08159999705032372
5.77751e-06 0.9183160948715299 1.2388060096616762e-24 0.08168390512847012
5.7581e-06 0.9182436533385661 1.2217885599403654e-24 0.08175634666143394
5.73882e-06 0.9181826485615587 1.2067543123238374e-24 0.08181735143844127
5.71967e-06 0.9181327769734209 1.193661910506218e-24 0.08186722302657912
5.70064e-06 0.9180937339504356 1.1823780227454408e-24 0.08190626604956441
5.68174e-06 0.9180668299139129 1.172987734932414e-24 0.08193317008608714
5.66297e-06 0.9180511480002288 1.1654713315999447e-24 0.0819488519997712
5.64432e-06 0.9180455473763321 1.1597048892642733e-24 0.08195445262366785
5.62579e-06 0.9180513659606292 1.1557040581199468e-24 0.0819486340393708
5.60738e-06 0.9180690927216134 1.1534719076573325e-24 0.08193090727838659
5.5891e-06 0.9180968076155792 1.1531360918762886e-24 0.08190319238442079
5.57093e-06 0.9181355735946671 1.1544520357399242e-24 0.08186442640533287
5.55288e-06 0.9181838028297886 1.1576510113963012e-24 0.08181619717021138
5.53495e-06 0.9182437597185382 1.1627457649267714e-24 0.08175624028146178
5.51713e-06 0.9183143032614525 1.1696659216271571e-24 0.08168569673854753
5.49943e-06 0.9183943173909405 1.1785895119177353e-24 0.08160568260905954
5.48184e-06 0.9184846219476314 1.1894730152318001e-24 0.08151537805236864
5.46436e-06 0.9185848176844377 1.2023906621651691e-24 0.08141518231556233
5.44699e-06 0.9186953176619531 1.2174504300384565e-24 0.08130468233804689
5.42974e-06 0.9188146579567589 1.2348757549259426e-24 0.08118534204324113
5.41259e-06 0.9189447029956133 1.254546235276079e-24 0.08105529700438674
5.39555e-06 0.9190834112777266 1.276715196279577e-24 0.08091658872227336
5.37861e-06 0.9192313736660068 1.301399741630375e-24 0.08076862633399318
5.36179e-06 0.9193886162562894 1.3290483914436071e-24 0.08061138374371057
5.34507e-06 0.9195541831087628 1.3595770368145543e-24 0.0804458168912372
5.32845e-06 0.9197297451011341 1.3931331524953775e-24 0.08027025489886586
5.31193e-06 0.9199128736113371 1.4300577199626977e-24 0.08008712638866289
5.29552e-06 0.9201047526207127 1.470712991197185e-24 0.07989524737928733
5.27921e-06 0.9203051211105704 1.5152330559960633e-24 0.07969487888942961
5.263e-06 0.9205137709131319 1.5639424838963964e-24 0.07948622908686809
5.24688e-06 0.9207299166374118 1.617029658673169e-24 0.07927008336258823
5.23087e-06 0.9209542837599562 1.6752075456476503e-24 0.07904571624004375
5.21495e-06 0.921186104840772 1.7386038262910904e-24 0.07881389515922799
5.19913e-06 0.9214254782106324 1.8078732875185672e-24 0.07857452178936764
5.18341e-06 0.9216722311246355 1.8835654365466767e-24 0.07832776887536452
5.16778e-06 0.9219264106071146 1.9661080275590603e-24 0.07807358939288545
5.15224e-06 0.9221867095030424 2.056152957641175e-24 0.07781329049695762
5.1368e-06 0.9224550062390785 2.1547105940952154e-24 0.0775449937609215
5.12145e-06 0.9227293808387651 2.2624069366372112e-24 0.0772706191612349
5.10619e-06 0.9230114238427862 2.3800786039074155e-24 0.07698857615721377
5.09102e-06 0.923299138548473 2.509029089590294e-24 0.07670086145152699
5.07595e-06 0.9235926457225572 2.650624612642739e-24 0.07640735427744283
5.06096e-06 0.9238938268557231 2.8057194063828882e-24 0.07610617314427692
5.04606e-06 0.9242002734771186 2.9761190076576883e-24 0.07579972652288136
5.03124e-06 0.9245137621057924 3.1632343833412787e-24 0.07548623789420761
5.01652e-06 0.9248316024315548 3.369695551850361e-24 0.07516839756844518
5.00188e-06 0.9251564998099951 3.597105912608272e-24 0.07484350019000485
4.98732e-06 0.9254871744237058 3.84795973867018e-24 0.07451282557629424
4.97285e-06 0.9258232293914568 4.125534653778088e-24 0.07417677060854322
4.95846e-06 0.926161996045749 4.4097007257018734e-24 0.073838003954251
4.94416e-06 0.9264563041188217 4.2915511490885315e-24 0.07354369588117826
4.92994e-06 0.9267519768132336 4.180585487781662e-24 0.07324802318676638
4.9158e-06 0.9270507395377274 4.076499999362794e-24 0.07294926046227257
4.90174e-06 0.9273512194300367 3.9789864698795634e-24 0.07264878056996327
4.88776e-06 0.9276533278912226 3.887702397112324e-24 0.07234667210877743
4.87386e-06 0.9279572804270491 3.802416154270099e-24 0.07204271957295094
4.86004e-06 0.9282621241678216 3.722867103198016e-24 0.07173787583217839
4.84629e-06 0.9285691637781965 3.648447816839926e-24 0.07143083622180346
4.83263e-06 0.9288768997367964 3.579706790391718e-24 0.07112310026320356
4.81904e-06 0.9291863100807211 3.51548605254249e-24 0.07081368991927894
4.80553e-06 0.9294959358702937 3.4563957747157105e-24 0.07050406412970633
4.79209e-06 0.9298079469774091 3.401721954605196e-24 0.0701920530225909
4.77873e-06 0.9301189421794169 3.3516532360475384e-24 0.06988105782058307
4.76544e-06 0.9304309824410547 3.305719948548037e-24 0.06956901755894529
4.75223e-06 0.9307446657836121 3.2642058634815366e-24 0.06925533421638785
4.73909e-06 0.9310573108568654 3.226600068971972e-24 0.06894268914313462
4.72602e-06 0.9313706296882971 3.192835030925201e-24 0.06862937031170291
4.71302e-06 0.9316845220794183 3.162847978864653e-24 0.06831547792058168
4.7001e-06 0.9319988838978164 3.1369598527203982e-24 0.06800111610218362
4.68724e-06 0.9323128557206292 3.1143737487851128e-24 0.06768714427937084
4.67446e-06 0.9326268196430533 3.0956019751880515e-24 0.06737318035694673
4.66174e-06 0.9329406293472136 3.0802817159302297e-24 0.06705937065278644
4.6491e-06 0.933253395676622 3.0689330116906298e-24 0.06674660432337798
4.63652e-06 0.9335671329388562 3.0608442425638912e-24 0.06643286706114382
4.62401e-06 0.9338794094946372 3.0563907212580654e-24 0.06612059050536279
4.61157e-06 0.9341914919610911 3.055592840655076e-24 0.06580850803890892
4.59919e-06 0.9345036304712749 3.0581378764599844e-24 0.06549636952872506
4.58689e-06 0.934814332239121 3.064794498295487e-24 0.06518566776087897
4.57464e-06 0.9351246790848435 3.074543048954727e-24 0.06487532091515646
4.56246e-06 0.9354345170407617 3.088198916934623e-24 0.06456548295923825
4.55035e-06 0.9357437556523026 3.105840574261475e-24 0.06425624434769739
4.5383e-06 0.936051418439349 3.1272193586611524e-24 0.06394858156065097
4.52632e-06 0.9363591401713945 3.1526446662341772e-24 0.06364085982860546
4.51439e-06 0.9366653879432164 3.1818660644522233e-24 0.06333461205678359
4.50253e-06 0.9369708335800514 3.215618320386164e-24 0.0630291664199486
4.49074e-06 0.9372747840272954 3.2540898490110166e-24 0.06272521597270464
4.479e-06 0.9375778647806481 3.2966815882331796e-24 0.062422135219351915
4.46732e-06 0.9378803970154123 3.34400625891324e-24 0.06211960298458774
4.45571e-06 0.9381812902251484 3.3967061122843835e-24 0.0618187097748516
4.44416e-06 0.9384808692437524 3.454631022418952e-24 0.0615191307562476
4.43266e-06 0.9387794354346578 3.517662027024891e-24 0.061220564565342195
4.42123e-06 0.9390769125399533 3.586954024822658e-24 0.06092308746004671
4.40985e-06 0.9393727191404486 3.661991529629927e-24 0.06062728085955138
4.39853e-06 0.9396684115469374 3.743344103375049e-24 0.060331588453062635
4.38727e-06 0.9399619670252527 3.8319161608631e-24 0.0600380329747473
4.37607e-06 0.9402540372642065 3.927934373201108e-24 0.05974596273579347
4.36493e-06 0.9405445742611293 4.031912568589471e-24 0.05945542573887075
4.35384e-06 0.9408345900753684 4.1438964402369564e-24 0.059165409924631596
4.34281e-06 0.9411230906654567 4.26499697715289e-24 0.05887690933454326
4.33183e-06 0.9414097788314129 4.395326453411917e-24 0.05859022116858714
4.32091e-06 0.9416955349832377 4.5361680537497214e-24 0.05830446501676234
4.31004e-06 0.9419800913301041 4.687736835644616e-24 0.058019908669895925
4.29923e-06 0.9422630790618838 4.851488527252557e-24 0.05773692093811622
4.28847e-06 0.9425448224490267 5.0277766655876816e-24 0.05745517755097329
4.27777e-06 0.9428250062351191 5.218278217535678e-24 0.05717499376488089
4.26712e-06 0.9431040836591942 5.4231600907211844e-24 0.05689591634080582
4.25652e-06 0.9433817991748132 5.644380739158541e-24 0.05661820082518676
4.24597e-06 0.943658358568222 5.882960123562799e-24 0.056341641431778
4.23548e-06 0.9439327684155703 6.141223969524677e-24 0.05606723158442972
4.22504e-06 0.9442064843291161 6.420102531037582e-24 0.055793515670883864
4.21465e-06 0.9444790584588326 6.721514013076037e-24 0.05552094154116738
4.20431e-06 0.9447499048284169 7.047490943098416e-24 0.05525009517158308
4.19402e-06 0.9450200808607406 7.40034978084643e-24 0.05497991913925937
4.18378e-06 0.9452885748827123 7.782662216094208e-24 0.05471142511728766
4.1736e-06 0.9455555675675359 8.198281707435548e-24 0.05444443243246411
4.16346e-06 0.9458223101033847 8.648368132452264e-24 0.05417768989661531
4.15337e-06 0.9460874563656917 9.136751018541901e-24 0.05391254363430831
4.14333e-06 0.9463514583045541 9.668683846057014e-24 0.05364854169544586
4.13333e-06 0.9466142297471257 1.0246611910348941e-23 0.053385770252874276
4.12339e-06 0.9467655650207396 1.0391144185332325e-23 0.05323443497926039
4.11349e-06 0.9469075833776452 1.0512751220046667e-23 0.053092416622354754
4.10364e-06 0.9470469653563446 1.0647465537115516e-23 0.05295303464365542
4.09384e-06 0.9471835450193676 1.0796668852923817e-23 0.052816454980632366
4.08409e-06 0.947318079038567 1.0959353245476047e-23 0.05268192096143298
4.07438e-06 0.9474503405613912 1.1135655556320575e-23 0.05254965943860879
4.06471e-06 0.9475803030743996 1.1327073103134552e-23 0.052419696925600445
4.0551e-06 0.9477074017637553 1.1535680334717118e-23 0.05229259823624466
4.04552e-06 0.947833209678798 1.175868735728131e-23 0.05216679032120197
4.036e-06 0.9479555246376133 1.2002612221622255e-23 0.052044475362386655
4.02651e-06 0.9480756834452126 1.2261891434262321e-23 0.05192431655478735
4.01708e-06 0.9481934922363512 1.2543416943471531e-23 0.05180650776364881
4.00768e-06 0.948309035910019 1.284449156235232e-23 0.05169096408998097
3.99833e-06 0.9484218168981465 1.316778264750651e-23 0.05157818310185347
3.98903e-06 0.9485322386243196 1.3515733168374706e-23 0.05146776137568043
3.97976e-06 0.9486404730482818 1.3887604679841552e-23 0.05135952695171819
3.97054e-06 0.9487460236687562 1.4286327545331813e-23 0.051253976331243845
3.96137e-06 0.948848839910748 1.4715026445088363e-23 0.051151160089252024
3.95223e-06 0.9489491576005558 1.5173179822990328e-23 0.05105084239944424
3.94314e-06 0.9490473925965509 1.5664351661566083e-23 0.05095260740344909
3.93409e-06 0.9491428987998571 1.619020900448145e-23 0.05085710120014286
3.92508e-06 0.9492356612476366 1.6754775553604284e-23 0.050764338752363414
3.91611e-06 0.9493259064139807 1.7358133606978212e-23 0.050674093586019264
3.90718e-06 0.9494140288999324 1.800471242024428e-23 0.05058597110006757
3.89829e-06 0.9494990922785803 1.8699565549198685e-23 0.050500907721419686
3.88945e-06 0.9495818790730844 1.944581351563899e-23 0.050418120926915555
3.88064e-06 0.9496621364813628 2.024411310723174e-23 0.05033786351863723
3.87187e-06 0.9497322386658149 2.0904710168594515e-23 0.05026776133418509
3.86315e-06 0.9497818023851708 2.1111572622463036e-23 0.05021819761482915
3.85446e-06 0.9498292551475858 2.1337356120236798e-23 0.05017074485241424
3.84581e-06 0.9498744562660778 2.1583861288992648e-23 0.050125543733922195
3.8372e-06 0.9499171832778489 2.1855726829573333e-23 0.05008281672215109
3.82863e-06 0.9499571411993892 2.2152154308267643e-23 0.05004285880061077
3.82009e-06 0.9499953169310781 2.2469084674263067e-23 0.05000468306892192
3.8116e-06 0.9500299378342199 2.2817816268043844e-23 0.04997006216578015
3.80314e-06 0.9500627664555981 2.3191430242029124e-23 0.04993723354440194
3.79472e-06 0.9500935016360319 2.3592273101024977e-23 0.0499064983639681
3.78633e-06 0.9501211778664982 2.4022820909492772e-23 0.04987882213350181
3.77799e-06 0.9501464221788521 2.4489155850363052e-23 0.049853577821147854
3.76968e-06 0.9501688422096385 2.4986392467447996e-23 0.04983115779036151
3.7614e-06 0.9501896696917193 2.5513788054616895e-23 0.04981033030828075
3.75317e-06 0.9502069559361634 2.6085121129030538e-23 0.049793044063836556
3.74497e-06 0.9502219300064286 2.669336007647343e-23 0.04977806999357137
3.7368e-06 0.9502347048695307 2.733790170893964e-23 0.049765295130469345
3.72867e-06 0.9502444711957073 2.803018836490287e-23 0.04975552880429268
3.72058e-06 0.9502516404390134 2.877052540512749e-23 0.049748359560986555
3.71252e-06 0.9502564737918223 2.955526741924248e-23 0.04974352620817768
3.70449e-06 0.9502584235150806 3.0392960324622616e-23 0.04974157648491939
3.6965e-06 0.9502575906981501 3.128830779644278e-23 0.04974240930184992
3.68855e-06 0.9502541835153387 3.2242435850933806e-23 0.049745816484661254
3.68063e-06 0.9502477174984449 3.326096737012135e-23 0.049752282501555056
3.67274e-06 0.9502389965004887 3.434529119917222e-23 0.04976100349951129
3.66488e-06 0.9502274687640675 3.549991593965207e-23 0.049772531235932505
3.65706e-06 0.9502131668560752 3.673130291980194e-23 0.04978683314392485
3.64928e-06 0.9501953542423027 3.8052703744376885e-23 0.049804645757697275
3.64152e-06 0.950155602940792 3.8653554798629414e-23 0.04984439705920796
3.6338e-06 0.9501019502331773 3.8847660017036615e-23 0.04989804976682266
3.62611e-06 0.9500465628765739 3.906700108623664e-23 0.04995343712342615
3.61846e-06 0.9499884541717017 3.932551997334099e-23 0.050011545828298254
3.61084e-06 0.9499279198991497 3.9614798130153917e-23 0.05007208010085029
3.60324e-06 0.9498661397808769 3.9925895440772577e-23 0.05013386021912314
3.59568e-06 0.9498012263922112 4.027913732054649e-23 0.050198773607788794
3.58816e-06 0.9497342926525976 4.0667620099797444e-23 0.05026570734740243
3.58066e-06 0.9496651100438741 4.1089298091504915e-23 0.050334889956125894
3.57319e-06 0.949593702314568 4.154685283619547e-23 0.05040629768543203
3.56576e-06 0.9495198866865235 4.204353569298815e-23 0.05048011331347646
3.55836e-06 0.9494434895149668 4.258341219383135e-23 0.05055651048503318
3.55098e-06 0.9493655464433581 4.31532847267991e-23 0.05063445355664187
3.54364e-06 0.9492845060410254 4.377598618636963e-23 0.05071549395897457
3.53633e-06 0.9492008651507676 4.444293834237453e-23 0.050799134849232375
3.52905e-06 0.9491153888148198 4.515116614989769e-23 0.05088461118518017
3.5218e-06 0.9490270565017278 4.591250803948391e-23 0.050972943498272194
3.51457e-06 0.9489367771809758 4.6718012591912275e-23 0.0510632228190242
3.50738e-06 0.9488437866693318 4.75781332399864e-23 0.05115621333066822
3.50022e-06 0.9487480915568812 4.849910459687247e-23 0.05125190844311878
3.49308e-06 0.9486506753000069 4.946642706187583e-23 0.05134932469999309
3.48598e-06 0.9485497154377196 5.0508132182459065e-23 0.0514502845622804
3.4789e-06 0.9484467225285282 5.1607630179122695e-23 0.05155327747147176
3.47186e-06 0.9483407638216206 5.277765049811775e-23 0.05165923617837942
3.46484e-06 0.9482325672965661 5.401854699114474e-23 0.05176743270343387
3.45785e-06 0.9481216652880948 5.53299382291086e-23 0.05187833471190517
3.45088e-06 0.9480083318003668 5.672058616926308e-23 0.05199166819963319
3.44395e-06 0.9478918709307439 5.820546701445751e-23 0.052108129069256104
3.43704e-06 0.9479303654028807 5.795519813413791e-23 0.05206963459711933
3.43016e-06 0.947968556658911 5.773006633766567e-23 0.052031443341089
3.42331e-06 0.9480047126235758 5.754262666346763e-23 0.051995287376424226
3.41649e-06 0.9480394330729339 5.739291993887243e-23 0.051960566927066076
3.40969e-06 0.9480728262024057 5.727250385001988e-23 0.05192717379759426
3.40292e-06 0.9481049119831928 5.718288961225863e-23 0.0518950880168072
3.39618e-06 0.9481347394501938 5.713760658832653e-23 0.051865260549806225
3.38946e-06 0.9481633683561312 5.712196767178179e-23 0.05183663164386876
3.38277e-06 0.9481901680560613 5.71445002667302e-23 0.05180983194393873
3.37611e-06 0.9482153800334331 5.720548855069412e-23 0.051784619966566914
3.36947e-06 0.9482390407772195 5.72967976521168e-23 0.051760959222780456
3.36286e-06 0.9482609619390521 5.742741743836429e-23 0.05173903806094793
3.35627e-06 0.9482816172453012 5.758935474276932e-23 0.051718382754698755
3.34971e-06 0.9483009312274455 5.778473797153493e-23 0.05169906877255448
3.34318e-06 0.9483180252372215 5.802824056856925e-23 0.05168197476277847
3.33667e-06 0.9483336863286507 5.830476212571453e-23 0.05166631367134933
3.33019e-06 0.9483475579930768 5.86240346559678e-23 0.051652442006923205
3.32373e-06 0.9483600844254509 5.897800767568467e-23 0.051639915574549056
3.3173e-06 0.9483706449822071 5.937649913146212e-23 0.051629355017792866
3.31089e-06 0.948379922359973 5.981192839459346e-23 0.05162007764002696
3.3045e-06 0.9483877583588314 6.028521963900635e-23 0.05161224164116862
3.29814e-06 0.9483942837343208 6.079880491573684e-23 0.051605716265679225
3.29181e-06 0.948398407711413 6.136945269270355e-23 0.05160159228858696
3.2855e-06 0.9484010164912681 6.198198440323178e-23 0.05159898350873193
3.27921e-06 0.9484022682333035 6.263772112529075e-23 0.051597731766696464
3.27295e-06 0.9484017794464754 6.334762843584069e-23 0.05159822055352459
3.26671e-06 0.9483996279458541 6.410421965578799e-23 0.051600372054145915
3.2605e-06 0.9484011545307434 6.451539926344987e-23 0.05159884546925664
3.25431e-06 0.9484122616747868 6.419996491872318e-23 0.05158773832521324
3.24814e-06 0.9484221722879962 6.39164236656406e-23 0.05157782771200381
3.24199e-06 0.9484305526301711 6.36725900654436e-23 0.051569447369828936
3.23587e-06 0.9484376476150973 6.346183014382827e-23 0.0515623523849027
3.22978e-06 0.9484433254375338 6.329201605690654e-23 0.051556674562466154
3.2237e-06 0.9484481749321291 6.314400123256985e-23 0.05155182506787093
3.21765e-06 0.9484514540052096 6.303678567610187e-23 0.05154854599479042
3.21162e-06 0.948453474934669 6.296098432384016e-23 0.05154652506533097
3.20561e-06 0.9484544518291101 6.291664795730844e-23 0.051545548170889854
3.19963e-06 0.9484532365367901 6.292199747147426e-23 0.051546763463209855
3.19366e-06 0.9484518247755054 6.294121479663281e-23 0.05154817522449462
3.18772e-06 0.9484487564866296 6.300229171539298e-23 0.05155124351337037
3.18181e-06 0.9484439036852802 6.310554658421692e-23 0.0515560963147198
3.17591e-06 0.9484382416177704 6.323191816897901e-23 0.05156175838222965
3.17004e-06 0.9484310086200278 6.340122636981695e-23 0.05156899137997217
3.16418e-06 0.948422788427476 6.359439677014929e-23 0.05157721157252404
3.15835e-06 0.9484125801330255 6.384071396118409e-23 0.05158741986697446
3.15254e-06 0.9484014969865923 6.411309396606619e-23 0.05159850301340774
3.14675e-06 0.9483892352954696 6.442131396509867e-23 0.05161076470453041
3.14099e-06 0.9483751641941167 6.477609313010237e-23 0.051624835805883285
3.13524e-06 0.9483601239581911 6.515791370689352e-23 0.05163987604180886
3.12952e-06 0.948343477129381 6.558802826344501e-23 0.05165652287061895
3.12381e-06 0.9483259144882207 6.604723763767583e-23 0.05167408551177932
3.11813e-06 0.9483059728688994 6.656575099137955e-23 0.051694027131100606
3.11247e-06 0.9482852963344122 6.71168384916927e-23 0.051714703665587836
3.10682e-06 0.9482636427315435 6.769966190597627e-23 0.05173635726845649
3.1012e-06 0.948240144570389 6.833680810206256e-23 0.051759855429611035
3.0956e-06 0.9483101767588363 6.817753541003045e-23 0.05168982324116367
3.09002e-06 0.948420858029772 6.768109282118268e-23 0.05157914197022795
3.08446e-06 0.9485302609955164 6.721915137045477e-23 0.051469739004483595
3.07892e-06 0.9486384270795187 6.679124690416711e-23 0.05136157292048127
3.0734e-06 0.9487454248065658 6.639718549350879e-23 0.05125457519343424
3.06789e-06 0.9488516729874755 6.602563784974691e-23 0.051148327012524475
3.06241e-06 0.9489561996800295 6.569763747041952e-23 0.05104380031997047
3.05695e-06 0.9490595732815446 6.540267379580153e-23 0.050940426718455445
3.05151e-06 0.9491615772837717 6.513996091122252e-23 0.05083842271622829
3.04608e-06 0.9492623116561927 6.49084396785713e-23 0.05073768834380732
3.04068e-06 0.9493618064416571 6.471015982747451e-23 0.05063819355834287
3.03529e-06 0.9494605475478626 6.453411960711558e-23 0.05053945245213742
3.02993e-06 0.9495574199658322 6.44000230046061e-23 0.050442580034167794
3.02458e-06 0.9496536253293292 6.428779256295601e-23 0.050346374670670824
3.01925e-06 0.949748465642471 6.420795129047486e-23 0.05025153435752905
3.01394e-06 0.9498419524921942 6.416004533498946e-23 0.050158047507805836
3.00865e-06 0.9499340274988284 6.414466018185799e-23 0.05006597250117162
3.00338e-06 0.9500248006661998 6.416169087781335e-23 0.049975199333800235
2.99813e-06 0.950114239687802 6.421159250356422e-23 0.049885760312198046
2.99289e-06 0.9502023918336222 6.429376630803201e-23 0.049797608166377794
2.98767e-06 0.9502894487464248 6.439953612754788e-23 0.04971055125357515
2.98247e-06 0.9503752709672694 6.453948817800581e-23 0.04962472903273063
2.97729e-06 0.950459532284487 6.471322112422188e-23 0.049540467715513015
2.97213e-06 0.9505423844776506 6.492171563707705e-23 0.049457615522349396
2.96698e-06 0.950624360567162 6.515518784476877e-23 0.04937563943283796
2.96186e-06 0.9507041801186283 6.543442195172519e-23 0.04929581988137166
2.95675e-06 0.950783066118254 6.573970355273148e-23 0.04921693388174597
2.95165e-06 0.9508660625639003 6.601510772391721e-23 0.04913393743609973
2.94658e-06 0.951045898444892 6.523943962061839e-23 0.04895410155510804
2.94152e-06 0.951225183755029 6.44802031598758e-23 0.04877481624497104
2.93648e-06 0.9514027271096901 6.375709316305706e-23 0.048597272890309906
2.93146e-06 0.9515787010146413 6.307002973341866e-23 0.04842129898535874
2.92645e-06 0.95175366940813 6.240744335943076e-23 0.04824633059187
2.92147e-06 0.9519263329515925 6.178903463470179e-23 0.04807366704840754
2.91649e-06 0.952097918614001 6.11932714432326e-23 0.04790208138599905
2.91154e-06 0.9522677741109404 6.06311181304702e-23 0.047732225889059565
2.9066e-06 0.9524364461344442 6.009105295116688e-23 0.047563553865555774
2.90168e-06 0.9526032766201341 5.958247544414634e-23 0.04739672337986589
2.89678e-06 0.9527684572904047 5.910529570599833e-23 0.04723154270959529
2.89189e-06 0.9529318225165784 5.865827336937198e-23 0.047068177483421625
2.88702e-06 0.9530939307587978 5.823217861252014e-23 0.04690606924120222
2.88216e-06 0.9532546488716372 5.782652063225129e-23 0.046745351128362755
2.87732e-06 0.9534135205632348 5.745003579246318e-23 0.046586479436765194
2.8725e-06 0.9535704987786641 5.710302256839851e-23 0.046429501221335934
2.86769e-06 0.9537255664791634 5.678425364128303e-23 0.0462744335208366
2.8629e-06 0.9538791751709363 5.648506353766982e-23 0.046120824829063656
2.85813e-06 0.9540309027047235 5.621397388989126e-23 0.04596909729527654
2.85337e-06 0.9541810873519304 5.59618784192275e-23 0.04581891264806959
2.84863e-06 0.9543292780534892 5.573767682702361e-23 0.045670721946510784
2.8439e-06 0.9544754202268464 5.55410258261665e-23 0.045524579773153606
2.83919e-06 0.954619869050096 5.536306904203396e-23 0.04538013094990401
2.83449e-06 0.9547626165680784 5.520309910812564e-23 0.04523738343192163
2.82981e-06 0.9549032869660368 5.507098560658675e-23 0.04509671303396323
2.82515e-06 0.9550418197480762 5.496621220317843e-23 0.044958180251923774
2.8205e-06 0.9551781381917172 5.488884114554888e-23 0.04482186180828285
2.81587e-06 0.9553228833016748 5.475810463002071e-23 0.04467711669832519
2.81125e-06 0.9554805051109333 5.455075333724347e-23 0.0445194948890667
2.80664e-06 0.9556361176363964 5.436145745116457e-23 0.04436388236360356
2.80206e-06 0.9557887098206808 5.421767916951187e-23 0.04421129017931924
2.79748e-06 0.9559399931388289 5.407335160263159e-23 0.044060006861171064
2.79292e-06 0.9560888270057931 5.395618931554045e-23 0.04391117299420688
2.78838e-06 0.9562352088691104 5.386570987958218e-23 0.0437647911308896
2.78385e-06 0.9563793774182795 5.379324654133131e-23 0.0436206225817205
2.77934e-06 0.9565210188674786 5.374770814395479e-23 0.043478981132521355
2.77484e-06 0.9566604774777879 5.372051039733068e-23 0.04333952252221207
2.77035e-06 0.9567975391598643 5.371101186948512e-23 0.04320246084013568
2.76588e-06 0.95693181294888 5.372912486594054e-23 0.04306818705112003
2.76142e-06 0.9570632784410984 5.377474270978426e-23 0.0429367215589016
2.75698e-06 0.9571922890898945 5.383899311440733e-23 0.04280771091010549
2.75255e-06 0.9573187897424961 5.392176296208286e-23 0.04268121025750393
2.74814e-06 0.9574423529182094 5.403314266223559e-23 0.04255764708179055
2.74374e-06 0.9575631745876992 5.416349409513602e-23 0.04243682541230076
2.73935e-06 0.957681225868228 5.431352342387433e-23 0.042318774131771986
2.73498e-06 0.9577960801772702 5.449281011168838e-23 0.04220391982272975
2.73062e-06 0.9579080930796399 5.469219784334156e-23 0.042091906920360134
2.72628e-06 0.9580168498400804 5.492186273983875e-23 0.0419831501599196
2.72195e-06 0.9581219752665696 5.518232900962669e-23 0.041878024733430386
2.71764e-06 0.9582241255841685 5.546414955690683e-23 0.041775874415831526
2.71333e-06 0.9583233413590277 5.575843334509279e-23 0.04167665864097225
2.70904e-06 0.9584188776488038 5.608469921850076e-23 0.041581122351196154
2.70477e-06 0.9585107796091681 5.64438686025831e-23 0.041489220390831916
2.70051e-06 0.9585992172519044 5.682693122972003e-23 0.041400782748095555
2.69626e-06 0.9586839565971916 5.723443170620016e-23 0.04131604340280837
2.69202e-06 0.9587755686655856 5.752695465687596e-23 0.041224431334414446
2.6878e-06 0.9588669283637171 5.780217980312293e-23 0.04113307163628288
2.68359e-06 0.9589543874223013 5.809989097721322e-23 0.041045612577698676
2.6794e-06 0.959037505797464 5.843060073593365e-23 0.04096249420253595
2.67521e-06 0.959116810598419 5.877523366236674e-23 0.04088318940158098
2.67105e-06 0.9591915082467318 5.916449671043876e-23 0.04080849175326817
2.66689e-06 0.9592620198997566 5.956824577127343e-23 0.04073798010024343
2.66275e-06 0.9593277726258993 6.000811208649561e-23 0.0406722273741007
2.65861e-06 0.9593891462794221 6.046382867928891e-23 0.04061085372057793
2.6545e-06 0.9594455336256804 6.096772496303119e-23 0.04055446637431959
2.65039e-06 0.9594971348017791 6.148886795024457e-23 0.04050286519822088
2.6463e-06 0.9595434975621828 6.204951576818107e-23 0.04045650243781718
2.64222e-06 0.9595847792935039 6.263996789195004e-23 0.04041522070649606
2.63815e-06 0.9596207207748089 6.326108923630849e-23 0.040379279225191134
2.6341e-06 0.9596511370435433 6.39249208921707e-23 0.04034886295645668
2.63006e-06 0.959675818865991 6.462157843488729e-23 0.04032418113400904
2.62603e-06 0.9596947760425112 6.535214823490138e-23 0.04030522395748881
2.62201e-06 0.9597077371239953 6.611803799539191e-23 0.040292262876004736
2.618e-06 0.9597145190024176 6.69204261859542e-23 0.040285480997582446
2.61401e-06 0.9597148611549884 6.777203229650669e-23 0.040285138845011614
2.61003e-06 0.9597087502290788 6.866303134432148e-23 0.040291249770921245
2.60606e-06 0.9596958837771246 6.959483645712073e-23 0.04030411622287544
2.6021e-06 0.9596760545142101 7.056925032501043e-23 0.04032394548578988
2.59816e-06 0.9596490423500551 7.159966336126798e-23 0.040350957649944896
2.59423e-06 0.9596147437297045 7.267632020714249e-23 0.040385256270295544
2.59031e-06 0.9595728435458094 7.38006759539491e-23 0.040427156454190594
2.5864e-06 0.9595230416428132 7.497526253870182e-23 0.04047695835718679
2.5825e-06 0.9594609184664136 7.630606330360046e-23 0.04053908153358643
2.57861e-06 0.9593576594614164 7.852689085046581e-23 0.04064234053858362
2.57474e-06 0.9592459435130689 8.08522697327002e-23 0.04075405648693109
2.57088e-06 0.9591243082276689 8.330741783299888e-23 0.04087569177233108
2.56703e-06 0.958992767424082 8.5882567985764e-23 0.041007232575917985
2.56319e-06 0.9588512025731206 8.858487193130764e-23 0.04114879742687938
2.55936e-06 0.9586991110984774 9.142150284871938e-23 0.041300888901522614
2.55554e-06 0.9585361344537144 9.440055110711598e-23 0.04146386554628556
2.55174e-06 0.9583621523527496 9.754672481789473e-23 0.041637847647250426
2.54795e-06 0.9581771556321833 1.0083253303951865e-22 0.04182284436781669
2.54416e-06 0.9579791305607919 1.0428979813260343e-22 0.04202086943920813
2.54039e-06 0.9577690423630837 1.0794550180806568e-22 0.04223095763691631
2.53663e-06 0.9575458631031463 1.117913854073155e-22 0.042454136896853734
2.53288e-06 0.9573093327630907 1.1584002341228292e-22 0.042690667236909285
2.52915e-06 0.9570594815733384 1.2012458869969361e-22 0.04294051842666158
2.52542e-06 0.9567945982863338 1.2461797452782068e-22 0.04320540171366616
2.5217e-06 0.956515116275521 1.2932616629990746e-22 0.043484883724479007
2.518e-06 0.9562203852123728 1.3434192291490303e-22 0.04377961478762715
2.5143e-06 0.9559088001255209 1.3961048910805475e-22 0.04409119987447907
2.51062e-06 0.9555812311985031 1.4519625820797923e-22 0.044418768801496866
2.50695e-06 0.9552362237175416 1.5109483637997696e-22 0.04476377628245842
2.50329e-06 0.9548733581894298 1.5732807825738445e-22 0.045126641810570245
2.49964e-06 0.954491806211643 1.639171339196475e-22 0.04550819378835702
2.496e-06 0.9540914783111781 1.70847708345854e-22 0.04590852168882187
2.49237e-06 0.9536702768285789 1.7821893271928232e-22 0.046329723171421144
2.48875e-06 0.9532282611783922 1.86023625977107e-22 0.04677173882160779
2.48514e-06 0.9527644806387369 1.942893483881365e-22 0.047235519361263134
2.48154e-06 0.9522781133019079 2.030504882920117e-22 0.047721886698092075
2.47795e-06 0.9517602288967135 2.1049254180918806e-22 0.04823977110328648
2.47437e-06 0.9512094444069898 2.1606185201559463e-22 0.048790555593010154
2.47081e-06 0.9506341718045945 2.219755943328566e-22 0.04936582819540547
2.46725e-06 0.9500323415240816 2.280774437238932e-22 0.04996765847591844
2.4637e-06 0.9494034607164967 2.344648366759078e-22 0.05059653928350327
2.46017e-06 0.9487473156878193 2.4124833284299906e-22 0.05125268431218066
2.45664e-06 0.9480612988222313 2.482581938263073e-22 0.051938701177768665
2.45312e-06 0.9473441794688199 2.556595708364313e-22 0.05265582053118012
2.44962e-06 0.9465984192152198 2.634047655325389e-22 0.05340158078478019
2.44612e-06 0.9458172887758232 2.7154041433660365e-22 0.05418271122417684
2.44263e-06 0.9450032228095673 2.800115415331844e-22 0.05499677719043272
2.43916e-06 0.9441561696099714 2.8894755904981027e-22 0.055843830390028604
2.43569e-06 0.9432694344311894 2.9834533807136286e-22 0.05673056556881062
2.43224e-06 0.9423481035009271 3.081942726106576e-22 0.057651896499072874
2.42879e-06 0.9413839334901664 3.185586814064663e-22 0.05861606650983364
2.42535e-06 0.9403798248778228 3.2937554993037667e-22 0.05962017512217721
2.42192e-06 0.9393328895147967 3.407419607375846e-22 0.060667110485203346
2.41851e-06 0.9382435907039287 3.5283795919696305e-22 0.06175640929607129
2.4151e-06 0.9371064838706141 3.6541493751824086e-22 0.06289351612938587
2.4117e-06 0.93592022155503 3.787397574068743e-22 0.06407977844497004
2.40831e-06 0.9346852980701404 3.9267813917049545e-22 0.06531470192985955
2.40493e-06 0.9333972191848586 4.074518109862362e-22 0.06660278081514137
2.40156e-06 0.9320565122074239 4.2292041082058998e-22 0.06794348779257608
2.3982e-06 0.9306588746899901 4.392740995791469e-22 0.06934112531000991
2.39485e-06 0.9292031789894798 4.565129654054867e-22 0.0707968210105202
2.39151e-06 0.9276866941983242 4.746989647342725e-22 0.07231330580167583
2.38818e-06 0.9261067549794159 4.938941548047904e-22 0.07389324502058414
2.38485e-06 0.9244568081120771 5.140873036916991e-22 0.07554319188792291
2.38154e-06 0.9227016892942531 5.340606718752302e-22 0.07729831070574689
2.37823e-06 0.9208593670511961 5.546922151926834e-22 0.07914063294880391
2.37494e-06 0.9189454102928029 5.765393766175845e-22 0.08105458970719714
2.37165e-06 0.9169470843340036 5.994824872672447e-22 0.08305291566599637
2.36837e-06 0.9148657839945162 6.23691847976881e-22 0.08513421600548376
2.36511e-06 0.9127036453376955 6.4935598347648285e-22 0.08729635466230445
2.36185e-06 0.9104464435232884 6.763309746113197e-22 0.0895535564767116
2.3586e-06 0.9080953979070018 7.048461717900647e-22 0.09190460209299822
2.35535e-06 0.905640571031692 7.348645946354577e-22 0.09435942896830796
2.35212e-06 0.9030902563050629 7.667277797467965e-22 0.0969097436949371
2.3489e-06 0.9004341645723712 8.004347557648926e-22 0.09956583542762876
2.34568e-06 0.8976608988085576 8.3597275087625155e-22 0.1023391011914424
2.34248e-06 0.8947798914507529 8.737347478315167e-22 0.10522010854924713
2.33928e-06 0.8917716969152847 9.135895390496553e-22 0.10822830308471532
2.33609e-06 0.8886386499957178 9.558162341826819e-22 0.11136135000428216
2.33291e-06 0.8853757875366155 1.0005543994590753e-21 0.1146242124633845
2.32974e-06 0.8819773342542268 1.0480253565341746e-21 0.11802266574577325
2.32658e-06 0.8784381152614746 1.0983954786556477e-21 0.12156188473852536
2.32342e-06 0.8747426042662905 1.1516687159890905e-21 0.12525739573370953
2.32028e-06 0.870903691388608 1.208440526997783e-21 0.12909630861139199
2.31714e-06 0.8668957689641648 1.2685404000217207e-21 0.13310423103583524
2.31401e-06 0.8627219171156602 1.332415213325339e-21 0.13727808288433985
2.31089e-06 0.8583753742961635 1.4003311438374358e-21 0.1416246257038365
2.30778e-06 0.8538495676568882 1.4725724257938186e-21 0.14615043234311176
2.30468e-06 0.8491375518043206 1.5493973016366917e-21 0.1508624481956794
2.30158e-06 0.844218706270653 1.6309634407478663e-21 0.15578129372934701
2.2985e-06 0.8391108214720846 1.718106341514659e-21 0.1608891785279154
2.29542e-06 0.8337771164339823 1.8078184828362486e-21 0.16622288356601767
2.29235e-06 0.8282141485542444 1.8883352001381815e-21 0.17178585144575564
2.28929e-06 0.8224300378487215 1.973399949487812e-21 0.17756996215127852
2.28623e-06 0.8164014073952173 2.062909672562712e-21 0.18359859260478273
2.28319e-06 0.8101511982085391 2.157949827470393e-21 0.1898488017914609
2.28015e-06 0.8036395192120024 2.2580733075766967e-21 0.19636048078799762
2.27712e-06 0.7968738697737705 2.3639598381163586e-21 0.2031261302262295
2.2741e-06 0.7898461337134624 2.4759491284492746e-21 0.21015386628653765
2.27108e-06 0.7825300384836789 2.594037916330331e-21 0.21746996151632114
2.26808e-06 0.7749543396344236 2.7194205108155296e-21 0.22504566036557638
2.26508e-06 0.7670725792510923 2.8516659965070888e-21 0.2329274207489077
2.26209e-06 0.7588964011723687 2.9915625303751924e-21 0.24110359882763133
2.25911e-06 0.7504166200293985 3.1397130995773493e-21 0.24958337997060154
2.25614e-06 0.7416273947509405 3.2965973432703074e-21 0.2583726052490595
2.25317e-06 0.7324973277301302 3.462136425470182e-21 0.2675026722698698
2.25021e-06 0.7230417387367151 3.637408463312021e-21 0.27695826126328493
2.24726e-06 0.7132539997777773 3.822991599799871e-21 0.28674600022222274
2.24432e-06 0.7031293212704763 4.019506321481059e-21 0.29687067872952366
2.24138e-06 0.6926348131249696 4.2269095900308386e-21 0.30736518687503045
2.23846e-06 0.6818209163748297 4.44710070029312e-21 0.31817908362517033
2.23554e-06 0.6706266241351637 4.6796213537352875e-21 0.3293733758648363
2.23262e-06 0.6590470802625307 4.9249118886896326e-21 0.34095291973746933
2.22972e-06 0.6471415176475881 5.1854114448318185e-21 0.3528584823524119
2.22682e-06 0.6348475624541692 5.460215624437542e-21 0.3651524375458308
2.22393e-06 0.6221971181851738 5.75097650017173e-21 0.37780288181482624
2.22105e-06 0.6091922856831032 6.058555129925366e-21 0.39080771431689676
2.21818e-06 0.5958380808407894 6.3836299708024585e-21 0.4041619191592106
2.21531e-06 0.5821044314016415 6.7264198433488886e-21 0.4178955685983585
2.21245e-06 0.5681637624409152 7.061113745465749e-21 0.43183623755908485
2.2096e-06 0.5540325194074172 7.386216441179143e-21 0.44596748059258284
2.20675e-06 0.53956686962206 7.725423551221452e-21 0.46043313037794
2.20391e-06 0.5248183775512387 8.080475349919417e-21 0.4751816224487613
2.20108e-06 0.5098034820648805 8.451951410754372e-21 0.49019651793511954
2.19826e-06 0.4945413889518346 8.84042998165372e-21 0.5054586110481654
2.19544e-06 0.4790139352234774 9.244728660976987e-21 0.5209860647765225
2.19263e-06 0.4632849594192542 9.666928750620843e-21 0.5367150405807458
2.18983e-06 0.4473792935869641 1.0107421238269435e-20 0.552620706413036
2.18704e-06 0.4313263892351092 1.0566808649389942e-20 0.5686736107648909
2.18425e-06 0.41511618355254815 1.104343703282026e-20 0.5848838164474519
2.18147e-06 0.39882368139512414 1.1539576407972195e-20 0.6011763186048759
2.1787e-06 0.3824844435115345 1.2055685381446528e-20 0.6175155564884656
2.17593e-06 0.3660958937914693 1.2589822420137966e-20 0.6339041062085307
2.17317e-06 0.34973635943284936 1.3144647962250626e-20 0.6502636405671507
2.17042e-06 0.3334508771490352 1.3719972867753478e-20 0.6665491228509648
2.16768e-06 0.3172807951690209 1.4316329326261722e-20 0.6827192048309791
2.16494e-06 0.3012303507366696 1.493104604247093e-20 0.6987696492633304
2.16221e-06 0.28538511813631795 1.556706748135097e-20 0.714614881863682
2.15948e-06 0.26975175978794436 1.622145202854042e-20 0.7302482402120556
2.15676e-06 0.25441386853348685 1.6897038732895217e-20 0.7455861314665131
2.15405e-06 0.2394173614415103 1.7594206327053062e-20 0.7605826385584897
2.15135e-06 0.22480515704049892 1.8313088543652858e-20 0.775194842959501
2.14865e-06 0.2105861175370157 1.9049733958307224e-20 0.7894138824629843
2.14596e-06 0.19683687926155632 1.9808093713092166e-20 0.8031631207384436
2.14328e-06 0.1835963713099659 2.0588392605858666e-20 0.8164036286900341
2.1406e-06 0.17087029520642885 2.138589477233269e-20 0.8291297047935712
2.13793e-06 0.15872423876833308 2.220514974166998e-20 0.8412757612316669
2.13527e-06 0.14739947747219095 2.2847248599249205e-20 0.852600522527809
2.13261e-06 0.13669959293302142 2.3461545060874807e-20 0.8633004070669785
2.12996e-06 0.12663369344786116 2.408337495693804e-20 0.8733663065521389
2.12732e-06 0.11721785092375685 2.471206111340116e-20 0.8827821490762432
2.12468e-06 0.10844567036953194 2.5341608687175432e-20 0.8915543296304681
2.12205e-06 0.10034534396835511 2.5977760645368562e-20 0.8996546560316449
2.11942e-06 0.09290723468192144 2.6614493564683207e-20 0.9070927653180786
2.11681e-06 0.08616050976794035 2.7264853514667584e-20 0.9138394902320597
2.1142e-06 0.08007615870444859 2.791604301864019e-20 0.9199238412955514
2.11159e-06 0.07465267631549488 2.8567981332642476e-20 0.9253473236845051
2.10899e-06 0.06989157435522977 2.922764942872834e-20 0.9301084256447703
2.1064e-06 0.06577983659010707 2.9896019641555476e-20 0.9342201634098929
2.10381e-06 0.06229907197068659 3.0565948643460316e-20 0.9377009280293134
2.10123e-06 0.059437549918389725 3.124570236900919e-20 0.9405624500816103
2.09866e-06 0.0571747894043341 3.193618604854824e-20 0.9428252105956659
2.0961e-06 0.055488594540723156 3.2638420497706055e-20 0.9445114054592768
2.09353e-06 0.054364785960562725 3.333618432967133e-20 0.9456352140394373
2.09098e-06 0.05376923358837013 3.405521027293791e-20 0.9462307664116298
2.08843e-06 0.053684783359102484 3.478076603024335e-20 0.9463152166408975
2.08589e-06 0.05408047104528272 3.552229859850749e-20 0.9459195289547173
2.08336e-06 0.054928797532589994 3.628116167529933e-20 0.94507120246741
2.08083e-06 0.05621419094874011 3.704867282236851e-20 0.9437858090512599
2.0783e-06 0.05791217646739574 3.782581145709402e-20 0.9420878235326042
2.07579e-06 0.05997116771944365 3.863447365376872e-20 0.9400288322805563
2.07327e-06 0.06240503887097857 3.94454827719592e-20 0.9375949611290214
2.07077e-06 0.06514468996470826 4.029159786633301e-20 0.9348553100352918
2.06827e-06 0.06819440504654177 4.1153559658384593e-20 0.9318055949534583
2.06578e-06 0.07148221413272098 4.192876420156938e-20 0.9285177858672791
2.06329e-06 0.07490530430500213 4.2310211820446754e-20 0.9250946956949979
